,Start,AvgCounts
0,-19.99831396341324,133.0
1,-19.898313963413237,138.75
2,-19.798313963413236,145.25
3,-19.698313963413234,131.0
4,-19.598313963413233,139.0
5,-19.49831396341323,144.0
6,-19.39831396341323,142.75
7,-19.29831396341323,144.75
8,-19.198313963413227,135.25
9,-19.098313963413226,142.25
10,-18.998313963413224,153.0
11,-18.898313963413223,143.75
12,-18.79831396341322,143.25
13,-18.69831396341322,141.5
14,-18.59831396341322,141.25
15,-18.498313963413217,137.25
16,-18.398313963413216,139.5
17,-18.298313963413214,149.75
18,-18.198313963413213,144.75
19,-18.09831396341321,133.75
20,-17.99831396341321,139.75
21,-17.89831396341321,140.25
22,-17.798313963413207,145.75
23,-17.698313963413206,146.0
24,-17.598313963413204,150.25
25,-17.498313963413203,125.5
26,-17.3983139634132,137.0
27,-17.2983139634132,145.5
28,-17.1983139634132,137.75
29,-17.098313963413197,155.25
30,-16.998313963413196,146.75
31,-16.898313963413194,138.75
32,-16.798313963413193,141.5
33,-16.69831396341319,141.0
34,-16.59831396341319,148.75
35,-16.49831396341319,140.75
36,-16.398313963413187,144.0
37,-16.298313963413186,145.75
38,-16.198313963413185,142.5
39,-16.098313963413183,143.5
40,-15.998313963413182,133.0
41,-15.89831396341318,144.0
42,-15.798313963413179,148.0
43,-15.698313963413177,139.75
44,-15.598313963413176,137.5
45,-15.498313963413175,145.25
46,-15.398313963413173,143.5
47,-15.298313963413172,141.5
48,-15.19831396341317,142.0
49,-15.098313963413169,138.75
50,-14.998313963413167,140.5
51,-14.898313963413166,144.5
52,-14.798313963413165,137.0
53,-14.698313963413163,145.75
54,-14.598313963413162,146.25
55,-14.49831396341316,135.25
56,-14.398313963413159,143.75
57,-14.298313963413158,153.5
58,-14.198313963413156,139.5
59,-14.098313963413155,139.0
60,-13.998313963413153,150.5
61,-13.898313963413152,151.5
62,-13.79831396341315,136.25
63,-13.698313963413149,147.0
64,-13.598313963413148,142.25
65,-13.498313963413146,135.0
66,-13.398313963413145,142.5
67,-13.298313963413143,150.25
68,-13.198313963413142,130.0
69,-13.09831396341314,141.0
70,-12.998313963413139,141.0
71,-12.898313963413138,140.5
72,-12.798313963413136,140.25
73,-12.698313963413135,142.75
74,-12.598313963413133,133.0
75,-12.498313963413132,147.75
76,-12.39831396341313,148.25
77,-12.298313963413129,135.5
78,-12.198313963413128,141.0
79,-12.098313963413126,139.25
80,-11.998313963413125,137.75
81,-11.898313963413123,144.5
82,-11.798313963413122,147.5
83,-11.69831396341312,155.75
84,-11.59831396341312,148.25
85,-11.498313963413118,140.25
86,-11.398313963413116,148.0
87,-11.298313963413115,140.25
88,-11.198313963413113,136.25
89,-11.098313963413112,153.25
90,-10.99831396341311,138.0
91,-10.89831396341311,133.75
92,-10.798313963413108,138.5
93,-10.698313963413106,134.0
94,-10.598313963413105,145.75
95,-10.498313963413104,146.0
96,-10.398313963413102,140.25
97,-10.2983139634131,145.5
98,-10.1983139634131,137.5
99,-10.098313963413098,141.5
100,-9.998313963413096,150.0
101,-9.898313963413095,143.0
102,-9.798313963413094,142.0
103,-9.698313963413092,137.0
104,-9.59831396341309,140.0
105,-9.49831396341309,138.5
106,-9.398313963413088,133.25
107,-9.298313963413086,148.0
108,-9.198313963413085,142.5
109,-9.098313963413084,146.25
110,-8.998313963413082,139.25
111,-8.89831396341308,147.75
112,-8.79831396341308,136.0
113,-8.698313963413078,134.25
114,-8.598313963413077,144.0
115,-8.498313963413075,144.0
116,-8.398313963413074,148.0
117,-8.298313963413072,143.5
118,-8.19831396341307,148.75
119,-8.09831396341307,152.25
120,-7.998313963413068,137.75
121,-7.898313963413067,136.25
122,-7.798313963413065,132.5
123,-7.698313963413064,136.0
124,-7.598313963413062,140.5
125,-7.498313963413061,152.25
126,-7.3983139634130595,142.25
127,-7.298313963413058,139.75
128,-7.198313963413057,142.5
129,-7.098313963413055,139.75
130,-6.998313963413054,145.0
131,-6.898313963413052,145.75
132,-6.798313963413051,138.5
133,-6.6983139634130495,135.25
134,-6.598313963413048,145.25
135,-6.498313963413047,134.0
136,-6.398313963413045,148.25
137,-6.298313963413044,141.75
138,-6.198313963413042,138.0
139,-6.098313963413041,134.5
140,-5.99831396341304,140.5
141,-5.898313963413038,138.0
142,-5.798313963413037,140.5
143,-5.698313963413035,142.0
144,-5.598313963413034,147.25
145,-5.4983139634130325,145.75
146,-5.398313963413031,138.25
147,-5.29831396341303,144.75
148,-5.198313963413028,146.5
149,-5.098313963413027,141.5
150,-4.998313963413025,152.0
151,-4.898313963413024,141.5
152,-4.7983139634130225,135.25
153,-4.698313963413021,142.75
154,-4.59831396341302,149.75
155,-4.498313963413018,156.25
156,-4.398313963413017,146.0
157,-4.298313963413015,160.25
158,-4.198313963413014,148.0
159,-4.098313963413013,150.75
160,-3.998313963413011,144.0
161,-3.8983139634130097,141.75
162,-3.7983139634130083,146.5
163,-3.698313963413007,148.25
164,-3.5983139634130055,143.0
165,-3.498313963413004,152.0
166,-3.3983139634130026,142.0
167,-3.298313963413001,131.25
168,-3.198313963413,143.0
169,-3.0983139634129984,155.0
170,-2.998313963412997,146.5
171,-2.8983139634129955,148.0
172,-2.798313963412994,135.0
173,-2.6983139634129927,146.25
174,-2.5983139634129913,136.0
175,-2.49831396341299,149.0
176,-2.3983139634129884,151.25
177,-2.298313963412987,145.75
178,-2.1983139634129856,144.75
179,-2.098313963412984,144.25
180,-1.9983139634129827,140.25
181,-1.8983139634129813,132.0
182,-1.7983139634129799,164.5
183,-1.6983139634129785,149.25
184,-1.598313963412977,166.25
185,-1.4983139634129756,152.0
186,-1.3983139634129742,150.5
187,-1.2983139634129728,156.5
188,-1.1983139634129714,154.5
189,-1.09831396341297,152.75
190,-0.9983139634129685,158.5
191,-0.8983139634129671,157.0
192,-0.7983139634129657,152.75
193,-0.6983139634129643,155.75
194,-0.5983139634129628,165.0
195,-0.4983139634129614,176.75
196,-0.39831396341296,161.25
197,-0.29831396341295857,172.75
198,-0.19831396341295715,175.0
199,-0.09831396341295573,183.5
200,0.0016860365870456917,185.5
201,0.10168603658704711,176.0
202,0.20168603658704853,183.5
203,0.30168603658704995,176.0
204,0.4016860365870514,192.25
205,0.5016860365870528,173.25
206,0.6016860365870542,186.5
207,0.7016860365870556,166.5
208,0.8016860365870571,164.0
209,0.9016860365870585,151.75
210,1.00168603658706,155.5
211,1.1016860365870613,163.75
212,1.2016860365870627,177.75
213,1.3016860365870642,187.0
214,1.4016860365870656,170.75
215,1.501686036587067,169.75
216,1.6016860365870684,156.25
217,1.7016860365870699,142.0
218,1.8016860365870713,151.0
219,1.9016860365870727,152.75
220,2.001686036587074,157.5
221,2.1016860365870755,149.0
222,2.201686036587077,148.25
223,2.3016860365870784,152.5
224,2.40168603658708,148.75
225,2.501686036587081,153.0
226,2.6016860365870826,152.0
227,2.701686036587084,143.75
228,2.8016860365870855,131.0
229,2.901686036587087,141.0
230,3.0016860365870883,134.75
231,3.1016860365870897,145.75
232,3.201686036587091,141.25
233,3.3016860365870926,147.0
234,3.401686036587094,151.25
235,3.5016860365870954,143.75
236,3.601686036587097,149.75
237,3.7016860365870983,148.25
238,3.8016860365870997,137.75
239,3.901686036587101,138.75
240,4.0016860365871025,138.25
241,4.101686036587104,151.75
242,4.201686036587105,135.25
243,4.301686036587107,159.0
244,4.401686036587108,144.75
245,4.50168603658711,146.0
246,4.601686036587111,143.0
247,4.7016860365871125,155.25
248,4.801686036587114,133.0
249,4.901686036587115,156.0
250,5.001686036587117,147.5
251,5.101686036587118,133.25
252,5.20168603658712,148.75
253,5.301686036587121,143.0
254,5.401686036587122,146.75
255,5.501686036587124,135.5
256,5.601686036587125,135.75
257,5.701686036587127,139.25
258,5.801686036587128,151.0
259,5.9016860365871295,144.0
260,6.001686036587131,146.5
261,6.101686036587132,147.0
262,6.201686036587134,155.0
263,6.301686036587135,145.0
264,6.401686036587137,143.75
265,6.501686036587138,143.25
266,6.6016860365871395,135.25
267,6.701686036587141,135.5
268,6.801686036587142,154.0
269,6.901686036587144,143.5
270,7.001686036587145,142.0
271,7.101686036587147,143.25
272,7.201686036587148,147.25
273,7.301686036587149,134.5
274,7.401686036587151,139.25
275,7.501686036587152,143.25
276,7.601686036587154,145.5
277,7.701686036587155,152.5
278,7.8016860365871565,141.0
279,7.901686036587158,149.5
280,8.00168603658716,145.25
281,8.10168603658716,150.0
282,8.201686036587162,143.75
283,8.301686036587164,135.75
284,8.401686036587165,145.75
285,8.501686036587166,136.5
286,8.601686036587168,157.0
287,8.70168603658717,147.75
288,8.80168603658717,140.5
289,8.901686036587172,141.5
290,9.001686036587174,144.5
291,9.101686036587175,142.5
292,9.201686036587176,150.75
293,9.301686036587178,152.0
294,9.40168603658718,138.75
295,9.50168603658718,147.25
296,9.601686036587182,144.25
297,9.701686036587184,139.5
298,9.801686036587185,138.5
299,9.901686036587186,140.0
300,10.001686036587188,145.75
301,10.10168603658719,149.75
302,10.20168603658719,140.25
303,10.301686036587192,145.5
304,10.401686036587193,145.0
305,10.501686036587195,138.5
306,10.601686036587196,149.25
307,10.701686036587198,137.75
308,10.8016860365872,148.75
309,10.9016860365872,137.75
310,11.001686036587202,150.75
311,11.101686036587203,144.0
312,11.201686036587205,138.0
313,11.301686036587206,149.25
314,11.401686036587208,141.0
315,11.50168603658721,141.5
316,11.60168603658721,150.25
317,11.701686036587212,144.5
318,11.801686036587213,146.75
319,11.901686036587215,138.75
320,12.001686036587216,143.25
321,12.101686036587218,146.5
322,12.201686036587219,149.25
323,12.30168603658722,139.5
324,12.401686036587222,135.25
325,12.501686036587223,145.25
326,12.601686036587225,145.75
327,12.701686036587226,149.0
328,12.801686036587228,141.75
329,12.901686036587229,137.5
330,13.00168603658723,143.75
331,13.101686036587232,145.5
332,13.201686036587233,148.5
333,13.301686036587235,130.5
334,13.401686036587236,134.0
335,13.501686036587238,140.75
336,13.601686036587239,141.25
337,13.70168603658724,143.75
338,13.801686036587242,132.75
339,13.901686036587243,142.5
340,14.001686036587245,141.25
341,14.101686036587246,136.5
342,14.201686036587247,145.25
343,14.301686036587249,143.75
344,14.40168603658725,139.25
345,14.501686036587252,150.5
346,14.601686036587253,140.25
347,14.701686036587255,142.75
348,14.801686036587256,151.75
349,14.901686036587257,146.75
350,15.001686036587259,142.5
351,15.10168603658726,134.25
352,15.201686036587262,146.25
353,15.301686036587263,142.5
354,15.401686036587265,151.5
355,15.501686036587266,132.25
356,15.601686036587267,137.75
357,15.701686036587269,144.5
358,15.80168603658727,132.5
359,15.901686036587272,148.75
360,16.001686036587273,145.25
361,16.101686036587274,139.5
362,16.201686036587276,148.75
363,16.301686036587277,142.75
364,16.40168603658728,139.0
365,16.50168603658728,153.0
366,16.60168603658728,151.0
367,16.701686036587283,137.0
368,16.801686036587284,137.0
369,16.901686036587286,138.5
370,17.001686036587287,137.25
371,17.10168603658729,140.5
372,17.20168603658729,143.5
373,17.30168603658729,135.5
374,17.401686036587293,148.75
375,17.501686036587294,147.5
376,17.601686036587296,138.5
377,17.701686036587297,143.75
378,17.8016860365873,149.25
379,17.9016860365873,135.0
380,18.0016860365873,149.5
381,18.101686036587303,146.5
382,18.201686036587304,144.0
383,18.301686036587306,140.5
384,18.401686036587307,135.25
385,18.50168603658731,146.75
386,18.60168603658731,140.5
387,18.70168603658731,133.25
388,18.801686036587313,138.75
389,18.901686036587314,138.0
390,19.001686036587316,149.75
391,19.101686036587317,138.0
392,19.20168603658732,143.0
393,19.30168603658732,152.5
394,19.40168603658732,137.25
395,19.501686036587323,133.25
396,19.601686036587324,148.5
397,19.701686036587326,139.25
398,19.801686036587327,136.0
399,19.90168603658733,146.5
400,20.00168603658733,151.25
401,20.10168603658733,142.0
402,20.201686036587333,134.25
403,20.301686036587334,146.75
404,20.401686036587336,146.75
405,20.501686036587337,137.0
406,20.60168603658734,147.75
407,20.70168603658734,146.0
408,20.80168603658734,144.75
409,20.901686036587343,145.0
410,21.001686036587344,149.75
411,21.101686036587346,144.5
412,21.201686036587347,149.75
413,21.30168603658735,141.5
414,21.40168603658735,141.5
415,21.50168603658735,128.5
416,21.601686036587353,139.0
417,21.701686036587354,141.5
418,21.801686036587355,148.5
419,21.901686036587357,136.5
420,22.00168603658736,148.0
421,22.10168603658736,142.5
422,22.20168603658736,159.75
423,22.301686036587363,136.75
424,22.401686036587364,148.0
425,22.501686036587365,140.25
426,22.601686036587367,150.0
427,22.70168603658737,143.25
428,22.80168603658737,131.75
429,22.90168603658737,142.75
430,23.001686036587373,147.5
431,23.101686036587374,142.0
432,23.201686036587375,140.0
433,23.301686036587377,128.25
434,23.40168603658738,145.0
435,23.50168603658738,130.25
436,23.60168603658738,145.5
437,23.701686036587382,141.25
438,23.801686036587384,137.25
439,23.901686036587385,141.25
440,24.001686036587387,133.75
441,24.101686036587388,139.75
442,24.20168603658739,148.0
443,24.30168603658739,138.5
444,24.401686036587392,154.25
445,24.501686036587394,134.5
446,24.601686036587395,150.0
447,24.701686036587397,150.0
448,24.801686036587398,142.5
449,24.9016860365874,153.75
450,25.0016860365874,138.25
451,25.101686036587402,141.25
452,25.201686036587404,152.25
453,25.301686036587405,139.0
454,25.401686036587407,139.75
455,25.501686036587408,143.0
456,25.60168603658741,153.5
457,25.70168603658741,133.75
458,25.801686036587412,142.75
459,25.901686036587414,152.5
460,26.001686036587415,145.5
461,26.101686036587417,142.75
462,26.201686036587418,144.75
463,26.30168603658742,130.75
464,26.40168603658742,142.25
465,26.501686036587422,145.0
466,26.601686036587424,132.0
467,26.701686036587425,139.5
468,26.801686036587427,134.0
469,26.901686036587428,140.25
470,27.00168603658743,152.5
471,27.10168603658743,149.0
472,27.201686036587432,128.25
473,27.301686036587434,142.0
474,27.401686036587435,141.0
475,27.501686036587436,143.25
476,27.601686036587438,137.25
477,27.70168603658744,141.75
478,27.80168603658744,137.5
479,27.901686036587442,137.75
480,28.001686036587444,140.5
481,28.101686036587445,152.25
482,28.201686036587446,142.5
483,28.301686036587448,147.0
484,28.40168603658745,147.25
485,28.50168603658745,141.75
486,28.601686036587452,137.0
487,28.701686036587454,142.5
488,28.801686036587455,146.75
489,28.901686036587456,144.25
490,29.001686036587458,147.0
491,29.10168603658746,146.0
492,29.20168603658746,142.25
493,29.301686036587462,145.0
494,29.401686036587463,142.75
495,29.501686036587465,140.25
496,29.601686036587466,137.75
497,29.701686036587468,146.0
498,29.80168603658747,147.5
499,29.90168603658747,144.5
500,30.001686036587472,143.25
501,30.101686036587473,133.0
502,30.201686036587475,143.5
503,30.301686036587476,138.75
504,30.401686036587478,142.5
505,30.50168603658748,135.5
506,30.60168603658748,148.25
507,30.701686036587482,141.25
508,30.801686036587483,148.5
509,30.901686036587485,135.0
510,31.001686036587486,140.25
511,31.101686036587488,138.25
512,31.20168603658749,132.0
513,31.30168603658749,142.0
514,31.401686036587492,144.0
515,31.501686036587493,141.0
516,31.601686036587495,140.25
517,31.701686036587496,147.0
518,31.801686036587498,145.25
519,31.9016860365875,145.0
520,32.0016860365875,134.75
521,32.1016860365875,134.25
522,32.2016860365875,142.5
523,32.301686036587505,142.0
524,32.401686036587506,145.25
525,32.50168603658751,139.5
526,32.60168603658751,134.5
527,32.70168603658751,139.0
528,32.80168603658751,137.0
529,32.90168603658751,140.75
530,33.001686036587515,142.5
531,33.101686036587516,143.75
532,33.20168603658752,135.25
533,33.30168603658752,143.0
534,33.40168603658752,151.5
535,33.50168603658752,146.25
536,33.60168603658752,141.25
537,33.701686036587525,138.75
538,33.801686036587526,146.75
539,33.90168603658753,143.75
540,34.00168603658753,141.75
541,34.10168603658753,138.0
542,34.20168603658753,135.0
543,34.30168603658753,139.0
544,34.401686036587535,147.0
545,34.501686036587536,142.25
546,34.60168603658754,155.0
547,34.70168603658754,140.25
548,34.80168603658754,132.75
549,34.90168603658754,132.0
550,35.00168603658754,148.75
551,35.101686036587544,136.0
552,35.201686036587546,144.0
553,35.30168603658755,141.75
554,35.40168603658755,141.25
555,35.50168603658755,139.75
556,35.60168603658755,132.25
557,35.70168603658755,138.75
558,35.801686036587554,149.75
559,35.901686036587556,153.5
560,36.00168603658756,136.75
561,36.10168603658756,130.5
562,36.20168603658756,134.25
563,36.30168603658756,146.75
564,36.40168603658756,140.0
565,36.501686036587564,146.25
566,36.601686036587566,137.75
567,36.70168603658757,144.25
568,36.80168603658757,144.0
569,36.90168603658757,152.25
570,37.00168603658757,142.0
571,37.10168603658757,150.25
572,37.201686036587574,134.5
573,37.301686036587576,152.0
574,37.40168603658758,146.25
575,37.50168603658758,151.25
576,37.60168603658758,143.5
577,37.70168603658758,145.0
578,37.80168603658758,145.0
579,37.901686036587584,126.5
580,38.001686036587586,143.25
581,38.10168603658759,138.75
582,38.20168603658759,144.0
583,38.30168603658759,132.75
584,38.40168603658759,151.25
585,38.50168603658759,132.0
586,38.601686036587594,133.75
587,38.701686036587596,152.5
588,38.8016860365876,145.25
589,38.9016860365876,135.5
590,39.0016860365876,138.25
591,39.1016860365876,145.25
592,39.2016860365876,145.0
593,39.301686036587604,142.25
594,39.401686036587606,148.0
595,39.50168603658761,151.0
596,39.60168603658761,140.75
597,39.70168603658761,143.75
598,39.80168603658761,146.0
599,39.90168603658761,154.0
600,40.001686036587614,146.75
601,40.101686036587616,140.25
602,40.20168603658762,139.5
603,40.30168603658762,138.75
604,40.40168603658762,143.25
605,40.50168603658762,142.25
606,40.60168603658762,139.5
607,40.701686036587624,134.75
608,40.801686036587625,152.5
609,40.90168603658763,146.0
610,41.00168603658763,140.5
611,41.10168603658763,138.75
612,41.20168603658763,143.0
613,41.30168603658763,141.75
614,41.401686036587634,134.0
615,41.501686036587635,144.0
616,41.60168603658764,143.0
617,41.70168603658764,146.25
618,41.80168603658764,149.0
619,41.90168603658764,132.25
620,42.00168603658764,144.5
621,42.101686036587644,146.5
622,42.201686036587645,136.0
623,42.30168603658765,142.25
624,42.40168603658765,145.25
625,42.50168603658765,139.0
626,42.60168603658765,123.75
627,42.70168603658765,130.75
628,42.801686036587654,132.75
629,42.901686036587655,130.0
630,43.00168603658766,139.75
631,43.10168603658766,151.0
632,43.20168603658766,138.5
633,43.30168603658766,136.0
634,43.40168603658766,145.0
635,43.501686036587664,146.75
636,43.601686036587665,134.75
637,43.70168603658767,150.5
638,43.80168603658767,133.0
639,43.90168603658767,144.25
640,44.00168603658767,149.5
641,44.101686036587665,142.0
642,44.201686036587674,142.5
643,44.30168603658768,146.75
644,44.40168603658768,134.75
645,44.50168603658767,140.25
646,44.60168603658768,144.25
647,44.70168603658769,139.25
648,44.80168603658768,149.25
649,44.90168603658768,146.25
650,45.001686036587685,148.5
651,45.101686036587694,149.25
652,45.20168603658769,134.75
653,45.30168603658768,141.75
654,45.40168603658769,150.0
655,45.5016860365877,138.75
656,45.601686036587694,136.0
657,45.70168603658769,148.0
658,45.8016860365877,143.0
659,45.901686036587705,150.25
660,46.0016860365877,145.0
661,46.101686036587694,126.5
662,46.2016860365877,146.5
663,46.30168603658771,150.25
664,46.401686036587705,131.75
665,46.5016860365877,145.25
666,46.60168603658771,158.25
667,46.701686036587716,144.5
668,46.80168603658771,143.25
669,46.901686036587705,145.0
670,47.001686036587714,134.75
671,47.10168603658772,138.0
672,47.201686036587716,133.0
673,47.30168603658771,137.5
674,47.40168603658772,149.75
675,47.50168603658773,135.75
676,47.60168603658772,134.25
677,47.701686036587716,142.0
678,47.801686036587725,154.5
679,47.90168603658773,144.75
680,48.00168603658773,144.5
681,48.10168603658772,142.25
682,48.20168603658773,146.0
683,48.30168603658774,137.25
684,48.40168603658773,145.5
685,48.50168603658773,128.0
686,48.601686036587736,134.0
687,48.701686036587745,139.25
688,48.80168603658774,132.5
689,48.90168603658773,150.75
690,49.00168603658774,150.25
691,49.10168603658775,135.75
692,49.201686036587745,139.5
693,49.30168603658774,144.5
694,49.40168603658775,138.0
695,49.501686036587756,142.75
696,49.60168603658775,149.0
697,49.701686036587745,136.25
698,49.80168603658775,137.75
699,49.90168603658776,137.75
700,50.001686036587756,135.0
701,50.10168603658775,144.25
702,50.20168603658776,127.25
703,50.30168603658777,135.75
704,50.40168603658776,134.25
705,50.501686036587756,134.25
706,50.601686036587765,145.0
707,50.70168603658777,147.25
708,50.80168603658777,149.0
709,50.90168603658776,134.25
710,51.00168603658777,140.0
711,51.10168603658778,130.5
712,51.20168603658777,140.5
713,51.30168603658777,135.75
714,51.401686036587776,126.0
715,51.501686036587785,143.5
716,51.60168603658778,145.5
717,51.70168603658777,151.25
718,51.80168603658778,145.25
719,51.90168603658779,138.25
720,52.001686036587785,135.25
721,52.10168603658778,150.5
722,52.20168603658779,145.0
723,52.301686036587796,145.75
724,52.40168603658779,137.0
725,52.501686036587785,137.0
726,52.60168603658779,142.25
727,52.7016860365878,148.0
728,52.801686036587796,133.25
729,52.90168603658779,153.5
730,53.0016860365878,144.5
731,53.10168603658781,153.5
732,53.2016860365878,131.0
733,53.301686036587796,128.0
734,53.401686036587805,138.75
735,53.50168603658781,137.5
736,53.60168603658781,142.25
737,53.7016860365878,141.25
738,53.80168603658781,149.0
739,53.90168603658782,147.25
740,54.00168603658781,148.75
741,54.10168603658781,136.5
742,54.201686036587816,143.5
743,54.301686036587824,145.75
744,54.40168603658782,135.5
745,54.50168603658781,144.75
746,54.60168603658782,149.5
747,54.70168603658783,145.25
748,54.801686036587824,146.0
749,54.90168603658782,135.0
750,55.00168603658783,148.5
751,55.101686036587836,127.5
752,55.20168603658783,137.5
753,55.301686036587824,126.0
754,55.40168603658783,147.0
755,55.50168603658784,139.75
756,55.601686036587836,147.5
757,55.70168603658783,147.5
758,55.80168603658784,154.25
759,55.90168603658785,132.25
760,56.00168603658784,140.0
761,56.101686036587836,145.25
762,56.201686036587844,136.0
763,56.30168603658785,138.0
764,56.40168603658785,139.5
765,56.50168603658784,148.25
766,56.60168603658785,148.0
767,56.70168603658786,133.0
768,56.80168603658785,137.0
769,56.90168603658785,146.25
770,57.001686036587856,138.0
771,57.101686036587864,130.25
772,57.20168603658786,136.25
773,57.30168603658785,140.0
774,57.40168603658786,143.0
775,57.50168603658787,133.0
776,57.601686036587864,152.0
777,57.70168603658786,147.0
778,57.80168603658787,151.0
779,57.901686036587876,146.0
780,58.00168603658787,147.75
781,58.101686036587864,132.0
782,58.20168603658787,126.25
783,58.30168603658788,138.75
784,58.401686036587876,139.0
785,58.50168603658787,138.0
786,58.60168603658788,137.5
787,58.70168603658789,139.75
788,58.80168603658788,140.0
789,58.901686036587876,133.75
790,59.001686036587884,136.5
791,59.10168603658789,137.75
792,59.20168603658789,137.75
793,59.30168603658788,134.0
794,59.40168603658789,139.5
795,59.5016860365879,140.75
796,59.60168603658789,143.5
797,59.70168603658789,142.25
798,59.801686036587896,155.0
799,59.901686036587904,135.75
800,60.0016860365879,141.0
801,60.10168603658789,146.25
802,60.2016860365879,138.0
803,60.30168603658791,135.25
804,60.401686036587904,145.75
805,60.5016860365879,138.75
806,60.60168603658791,142.0
807,60.701686036587915,139.0
808,60.80168603658791,142.5
809,60.901686036587904,134.0
810,61.00168603658791,152.0
811,61.10168603658792,138.5
812,61.201686036587915,144.25
813,61.30168603658791,147.0
814,61.40168603658792,157.25
815,61.50168603658793,145.25
816,61.60168603658792,133.5
817,61.701686036587915,142.0
818,61.801686036587924,140.5
819,61.90168603658793,146.25
820,62.00168603658793,146.0
821,62.10168603658792,141.5
822,62.20168603658793,144.25
823,62.30168603658794,139.0
824,62.40168603658793,139.25
825,62.50168603658793,155.75
826,62.601686036587935,148.25
827,62.701686036587944,143.75
828,62.80168603658794,142.75
829,62.90168603658793,136.75
830,63.00168603658794,129.0
831,63.10168603658795,148.0
832,63.201686036587944,148.25
833,63.30168603658794,132.5
834,63.40168603658795,149.75
835,63.501686036587955,151.0
836,63.60168603658795,142.0
837,63.701686036587944,139.0
838,63.80168603658795,152.25
839,63.90168603658796,147.0
840,64.00168603658796,141.5
841,64.10168603658795,144.0
842,64.20168603658796,146.5
843,64.30168603658797,144.75
844,64.40168603658796,138.25
845,64.50168603658796,149.5
846,64.60168603658796,133.0
847,64.70168603658797,148.0
848,64.80168603658797,133.0
849,64.90168603658796,139.75
850,65.00168603658797,139.0
851,65.10168603658798,150.25
852,65.20168603658797,142.0
853,65.30168603658797,147.75
854,65.40168603658798,149.0
855,65.50168603658798,130.75
856,65.60168603658798,139.5
857,65.70168603658797,135.75
858,65.80168603658798,141.0
859,65.90168603658799,136.5
860,66.00168603658798,146.5
861,66.10168603658798,146.25
862,66.20168603658799,140.5
863,66.301686036588,132.25
864,66.40168603658799,135.0
865,66.50168603658798,148.0
866,66.60168603658799,144.0
867,66.701686036588,138.5
868,66.801686036588,148.75
869,66.90168603658799,132.5
870,67.001686036588,145.75
871,67.101686036588,135.25
872,67.201686036588,134.25
873,67.301686036588,127.5
874,67.401686036588,140.0
875,67.50168603658801,141.0
876,67.601686036588,128.5
877,67.701686036588,140.5
878,67.80168603658801,142.5
879,67.90168603658802,147.75
880,68.00168603658801,146.25
881,68.101686036588,143.5
882,68.20168603658801,142.75
883,68.30168603658802,143.5
884,68.40168603658802,149.75
885,68.50168603658801,148.75
886,68.60168603658802,144.25
887,68.70168603658803,145.5
888,68.80168603658802,139.0
889,68.90168603658802,137.25
890,69.00168603658803,137.25
891,69.10168603658803,140.75
892,69.20168603658803,138.0
893,69.30168603658802,149.5
894,69.40168603658803,127.75
895,69.50168603658804,147.0
896,69.60168603658803,148.5
897,69.70168603658803,140.75
898,69.80168603658804,143.75
899,69.90168603658805,140.5
900,70.00168603658804,141.25
901,70.10168603658803,138.75
902,70.20168603658804,138.75
903,70.30168603658805,132.25
904,70.40168603658805,145.25
905,70.50168603658804,147.5
906,70.60168603658805,145.5
907,70.70168603658806,142.75
908,70.80168603658805,139.75
909,70.90168603658805,139.5
910,71.00168603658805,146.5
911,71.10168603658806,133.0
912,71.20168603658806,134.0
913,71.30168603658805,143.5
914,71.40168603658806,141.75
915,71.50168603658807,141.75
916,71.60168603658806,147.0
917,71.70168603658806,138.25
918,71.80168603658807,147.75
919,71.90168603658807,151.25
920,72.00168603658807,149.5
921,72.10168603658806,150.25
922,72.20168603658807,147.0
923,72.30168603658808,140.0
924,72.40168603658807,138.25
925,72.50168603658807,124.75
926,72.60168603658808,141.25
927,72.70168603658809,134.5
928,72.80168603658808,132.0
929,72.90168603658807,137.5
930,73.00168603658808,154.75
931,73.10168603658809,134.5
932,73.20168603658809,145.25
933,73.30168603658808,145.5
934,73.40168603658809,152.75
935,73.5016860365881,140.25
936,73.60168603658809,141.5
937,73.70168603658809,139.25
938,73.8016860365881,148.25
939,73.9016860365881,136.75
940,74.0016860365881,140.0
941,74.10168603658809,141.5
942,74.2016860365881,143.25
943,74.30168603658811,130.75
944,74.4016860365881,139.0
945,74.5016860365881,148.25
946,74.6016860365881,145.5
947,74.70168603658811,143.5
948,74.80168603658811,139.75
949,74.9016860365881,146.5
950,75.00168603658811,130.5
951,75.10168603658812,142.5
952,75.20168603658811,136.5
953,75.30168603658811,143.5
954,75.40168603658812,148.75
955,75.50168603658813,133.0
956,75.60168603658812,137.0
957,75.70168603658811,146.5
958,75.80168603658812,133.75
959,75.90168603658813,144.5
960,76.00168603658813,141.5
961,76.10168603658812,142.25
962,76.20168603658813,140.25
963,76.30168603658814,139.25
964,76.40168603658813,148.75
965,76.50168603658813,152.25
966,76.60168603658813,138.5
967,76.70168603658814,154.75
968,76.80168603658814,139.75
969,76.90168603658813,152.75
970,77.00168603658814,137.25
971,77.10168603658815,140.5
972,77.20168603658814,139.75
973,77.30168603658814,140.0
974,77.40168603658815,136.5
975,77.50168603658815,132.5
976,77.60168603658815,139.0
977,77.70168603658814,138.75
978,77.80168603658815,137.75
979,77.90168603658816,150.0
980,78.00168603658815,145.25
981,78.10168603658815,154.25
982,78.20168603658816,151.0
983,78.30168603658817,144.0
984,78.40168603658816,139.75
985,78.50168603658815,144.0
986,78.60168603658816,147.0
987,78.70168603658817,149.5
988,78.80168603658817,149.75
989,78.90168603658816,152.0
990,79.00168603658817,150.5
991,79.10168603658818,152.5
992,79.20168603658817,144.0
993,79.30168603658817,150.5
994,79.40168603658817,136.0
995,79.50168603658818,153.75
996,79.60168603658818,150.75
997,79.70168603658817,137.5
998,79.80168603658818,147.25
999,79.90168603658819,153.5
