,Start,AvgCounts
0,-9.997781991958618,119.75
1,-9.897781991958619,130.25
2,-9.797781991958619,135.5
3,-9.69778199195862,119.25
4,-9.59778199195862,127.5
5,-9.49778199195862,129.5
6,-9.39778199195862,127.0
7,-9.29778199195862,127.0
8,-9.197781991958621,118.75
9,-9.097781991958621,116.5
10,-8.997781991958622,122.5
11,-8.897781991958622,126.25
12,-8.797781991958622,129.5
13,-8.697781991958623,126.0
14,-8.597781991958623,122.75
15,-8.497781991958623,124.0
16,-8.397781991958624,132.25
17,-8.297781991958624,131.25
18,-8.197781991958625,123.75
19,-8.097781991958625,126.75
20,-7.997781991958625,118.75
21,-7.897781991958626,118.0
22,-7.797781991958626,131.75
23,-7.697781991958626,127.5
24,-7.597781991958627,129.75
25,-7.497781991958627,127.0
26,-7.397781991958627,134.5
27,-7.297781991958628,133.0
28,-7.197781991958628,123.25
29,-7.0977819919586285,129.0
30,-6.997781991958629,123.5
31,-6.897781991958629,118.5
32,-6.7977819919586295,119.0
33,-6.69778199195863,129.25
34,-6.59778199195863,130.25
35,-6.497781991958631,119.25
36,-6.397781991958631,130.25
37,-6.297781991958631,127.5
38,-6.197781991958632,122.5
39,-6.097781991958632,118.75
40,-5.997781991958632,118.25
41,-5.897781991958633,124.25
42,-5.797781991958633,133.5
43,-5.697781991958633,122.75
44,-5.597781991958634,116.75
45,-5.497781991958634,118.0
46,-5.3977819919586345,126.5
47,-5.297781991958635,127.5
48,-5.197781991958635,130.0
49,-5.097781991958636,127.75
50,-4.997781991958636,121.0
51,-4.897781991958636,140.25
52,-4.797781991958637,120.75
53,-4.697781991958637,127.5
54,-4.597781991958637,134.25
55,-4.497781991958638,127.5
56,-4.397781991958638,119.25
57,-4.297781991958638,140.0
58,-4.197781991958639,124.5
59,-4.097781991958639,114.75
60,-3.9977819919586395,129.5
61,-3.89778199195864,126.25
62,-3.79778199195864,121.25
63,-3.6977819919586405,126.0
64,-3.597781991958641,121.25
65,-3.4977819919586413,128.25
66,-3.3977819919586416,122.0
67,-3.297781991958642,130.0
68,-3.1977819919586423,137.25
69,-3.0977819919586427,119.0
70,-2.997781991958643,125.25
71,-2.8977819919586434,127.5
72,-2.7977819919586437,123.0
73,-2.697781991958644,122.5
74,-2.5977819919586445,123.25
75,-2.497781991958645,127.0
76,-2.397781991958645,121.25
77,-2.2977819919586455,138.5
78,-2.197781991958646,123.75
79,-2.0977819919586462,118.75
80,-1.9977819919586466,115.25
81,-1.897781991958647,125.25
82,-1.7977819919586473,129.5
83,-1.6977819919586477,123.25
84,-1.597781991958648,124.5
85,-1.4977819919586484,140.5
86,-1.3977819919586487,132.75
87,-1.297781991958649,117.25
88,-1.1977819919586494,135.75
89,-1.0977819919586498,130.0
90,-0.9977819919586501,121.5
91,-0.8977819919586505,121.0
92,-0.7977819919586508,129.25
93,-0.6977819919586512,123.75
94,-0.5977819919586516,129.75
95,-0.4977819919586519,132.0
96,-0.39778199195865227,137.0
97,-0.2977819919586526,135.25
98,-0.19778199195865298,147.0
99,-0.09778199195865334,175.75
100,0.002218008041346309,195.75
101,0.10221800804134595,211.5
102,0.2022180080413456,202.0
103,0.30221800804134524,197.75
104,0.4022180080413449,188.75
105,0.5022180080413445,166.25
106,0.6022180080413442,163.5
107,0.7022180080413438,160.25
108,0.8022180080413435,166.0
109,0.9022180080413431,161.75
110,1.0022180080413428,147.25
111,1.1022180080413424,152.0
112,1.202218008041342,142.0
113,1.3022180080413417,145.25
114,1.4022180080413413,151.5
115,1.502218008041341,141.5
116,1.6022180080413406,135.0
117,1.7022180080413403,145.25
118,1.80221800804134,141.75
119,1.9022180080413396,150.5
120,2.002218008041339,134.0
121,2.102218008041339,151.75
122,2.2022180080413385,140.75
123,2.302218008041338,130.5
124,2.402218008041338,131.5
125,2.5022180080413374,135.25
126,2.602218008041337,144.75
127,2.7022180080413367,138.75
128,2.8022180080413364,145.5
129,2.902218008041336,136.75
130,3.0022180080413357,138.75
131,3.1022180080413353,129.75
132,3.202218008041335,144.5
133,3.3022180080413346,135.25
134,3.4022180080413342,132.75
135,3.502218008041334,131.5
136,3.6022180080413335,136.5
137,3.702218008041333,130.0
138,3.802218008041333,143.75
139,3.9022180080413325,148.5
140,4.002218008041332,149.0
141,4.102218008041332,139.75
142,4.202218008041331,132.5
143,4.302218008041331,129.5
144,4.402218008041331,121.75
145,4.50221800804133,127.25
146,4.60221800804133,135.75
147,4.70221800804133,129.0
148,4.802218008041329,133.5
149,4.902218008041329,138.5
150,5.0022180080413285,138.0
151,5.102218008041328,137.75
152,5.202218008041328,155.25
153,5.3022180080413275,141.75
154,5.402218008041327,148.0
155,5.502218008041327,152.25
156,5.602218008041326,150.5
157,5.702218008041326,139.75
158,5.802218008041326,166.75
159,5.902218008041325,168.25
160,6.002218008041325,165.5
161,6.102218008041326,179.75
162,6.202218008041324,178.0
163,6.302218008041322,183.5
164,6.402218008041324,171.25
165,6.502218008041325,175.5
166,6.602218008041323,184.75
167,6.702218008041321,189.0
168,6.802218008041322,168.0
169,6.902218008041324,181.0
170,7.002218008041321,192.25
171,7.102218008041319,191.5
172,7.202218008041321,200.0
173,7.302218008041322,201.75
174,7.40221800804132,210.5
175,7.502218008041318,188.25
176,7.602218008041319,226.0
177,7.702218008041321,198.0
178,7.802218008041319,213.25
179,7.9022180080413165,216.0
180,8.002218008041318,202.5
181,8.10221800804132,221.0
182,8.202218008041317,233.75
183,8.302218008041315,241.5
184,8.402218008041316,245.0
185,8.502218008041318,240.25
186,8.602218008041316,248.5
187,8.702218008041314,245.5
188,8.802218008041315,267.5
189,8.902218008041316,257.0
190,9.002218008041314,274.0
191,9.102218008041312,264.25
192,9.202218008041314,269.5
193,9.302218008041315,271.5
194,9.402218008041313,264.25
195,9.50221800804131,264.25
196,9.602218008041312,282.25
197,9.702218008041314,273.5
198,9.802218008041311,271.5
199,9.90221800804131,264.75
200,10.00221800804131,297.75
201,10.102218008041312,288.75
202,10.20221800804131,276.0
203,10.302218008041308,278.75
204,10.40221800804131,275.0
205,10.50221800804131,281.75
206,10.602218008041309,265.75
207,10.702218008041307,282.5
208,10.802218008041308,276.75
209,10.90221800804131,273.75
210,11.002218008041307,264.25
211,11.102218008041305,272.0
212,11.202218008041307,275.75
213,11.302218008041308,274.0
214,11.402218008041306,281.5
215,11.502218008041304,280.0
216,11.602218008041305,288.75
217,11.702218008041307,296.25
218,11.802218008041304,300.5
219,11.902218008041302,307.0
220,12.002218008041304,312.0
221,12.102218008041305,331.5
222,12.202218008041303,332.5
223,12.3022180080413,337.75
224,12.402218008041302,329.5
225,12.502218008041304,367.25
226,12.602218008041302,391.25
227,12.7022180080413,407.75
228,12.8022180080413,423.25
229,12.902218008041302,412.0
230,13.0022180080413,414.75
231,13.102218008041298,452.25
232,13.2022180080413,457.25
233,13.3022180080413,484.75
234,13.402218008041299,494.75
235,13.502218008041297,513.25
236,13.602218008041298,502.0
237,13.7022180080413,499.5
238,13.802218008041297,513.25
239,13.902218008041295,525.25
240,14.002218008041297,514.25
241,14.102218008041298,503.75
242,14.202218008041296,523.0
243,14.302218008041294,488.0
244,14.402218008041295,493.0
245,14.502218008041297,482.75
246,14.602218008041294,456.0
247,14.702218008041292,480.75
248,14.802218008041294,452.25
249,14.902218008041295,442.25
250,15.002218008041293,433.0
251,15.10221800804129,432.75
252,15.202218008041292,433.75
253,15.302218008041294,420.5
254,15.402218008041292,405.25
255,15.50221800804129,410.25
256,15.60221800804129,418.5
257,15.702218008041292,397.25
258,15.80221800804129,370.75
259,15.902218008041288,378.25
260,16.00221800804129,370.5
261,16.10221800804129,396.0
262,16.20221800804129,394.5
263,16.302218008041287,381.75
264,16.402218008041288,388.25
265,16.50221800804129,363.25
266,16.602218008041287,347.0
267,16.702218008041285,354.25
268,16.802218008041287,349.25
269,16.902218008041288,339.5
270,17.002218008041286,346.5
271,17.102218008041284,336.0
272,17.202218008041285,332.25
273,17.302218008041287,329.75
274,17.402218008041284,319.0
275,17.502218008041282,302.5
276,17.602218008041284,321.5
277,17.702218008041285,317.5
278,17.802218008041283,339.0
279,17.90221800804128,304.0
280,18.002218008041282,317.25
281,18.102218008041284,324.75
282,18.20221800804128,296.0
283,18.30221800804128,307.75
284,18.40221800804128,297.0
285,18.502218008041282,297.5
286,18.60221800804128,280.0
287,18.702218008041278,281.0
288,18.80221800804128,292.25
289,18.90221800804128,269.25
290,19.00221800804128,259.75
291,19.102218008041277,255.0
292,19.202218008041278,254.75
293,19.30221800804128,257.75
294,19.402218008041277,228.25
295,19.502218008041275,248.0
296,19.602218008041277,249.75
297,19.702218008041278,229.5
298,19.802218008041276,237.5
299,19.902218008041274,232.0
300,20.002218008041275,223.0
301,20.102218008041277,230.5
302,20.202218008041275,237.25
303,20.302218008041272,239.25
304,20.402218008041274,241.5
305,20.502218008041275,244.75
306,20.602218008041273,236.75
307,20.70221800804127,216.5
308,20.802218008041272,242.5
309,20.902218008041274,237.75
310,21.00221800804127,234.75
311,21.10221800804127,238.5
312,21.20221800804127,236.75
313,21.302218008041272,235.75
314,21.40221800804127,237.0
315,21.502218008041268,232.0
316,21.60221800804127,237.25
317,21.70221800804127,224.0
318,21.80221800804127,231.5
319,21.902218008041267,227.25
320,22.002218008041268,220.5
321,22.10221800804127,225.25
322,22.20221800804127,227.75
323,22.302218008041265,221.75
324,22.402218008041267,228.0
325,22.502218008041268,225.5
326,22.602218008041262,218.0
327,22.702218008041264,220.5
328,22.802218008041265,224.75
329,22.902218008041267,224.75
330,23.002218008041268,223.25
331,23.102218008041262,221.0
332,23.202218008041264,216.75
333,23.302218008041265,223.5
334,23.40221800804126,227.75
335,23.50221800804126,229.25
336,23.602218008041262,231.75
337,23.702218008041264,228.75
338,23.802218008041265,234.25
339,23.90221800804126,247.5
340,24.00221800804126,226.5
341,24.102218008041262,214.75
342,24.202218008041257,237.75
343,24.302218008041258,231.75
344,24.40221800804126,220.75
345,24.50221800804126,242.25
346,24.602218008041262,231.0
347,24.702218008041257,221.25
348,24.802218008041258,229.0
349,24.90221800804126,226.0
350,25.002218008041254,222.75
351,25.102218008041255,222.75
352,25.202218008041257,203.0
353,25.302218008041258,220.25
354,25.40221800804126,221.75
355,25.502218008041254,216.25
356,25.602218008041255,218.0
357,25.702218008041257,224.0
358,25.80221800804125,208.0
359,25.902218008041253,206.0
360,26.002218008041254,212.5
361,26.102218008041255,210.75
362,26.202218008041257,209.25
363,26.30221800804125,206.75
364,26.402218008041253,205.5
365,26.502218008041254,213.75
366,26.60221800804125,203.5
367,26.70221800804125,213.0
368,26.80221800804125,210.5
369,26.902218008041253,210.5
370,27.002218008041254,206.25
371,27.10221800804125,204.0
372,27.20221800804125,215.5
373,27.30221800804125,211.75
374,27.402218008041245,218.25
375,27.502218008041247,206.0
376,27.60221800804125,231.75
377,27.70221800804125,248.0
378,27.80221800804125,237.25
379,27.902218008041245,249.0
380,28.002218008041247,246.75
381,28.10221800804125,269.5
382,28.202218008041243,240.0
383,28.302218008041244,260.75
384,28.402218008041245,253.5
385,28.502218008041247,250.0
386,28.60221800804125,240.25
387,28.702218008041243,236.5
388,28.802218008041244,257.0
389,28.902218008041245,275.25
390,29.00221800804124,264.5
391,29.10221800804124,264.5
392,29.202218008041243,285.25
393,29.302218008041244,272.0
394,29.402218008041245,279.5
395,29.50221800804124,282.25
396,29.60221800804124,282.5
397,29.702218008041243,295.75
398,29.802218008041237,296.75
399,29.90221800804124,286.75
400,30.00221800804124,292.0
401,30.10221800804124,296.75
402,30.202218008041243,298.25
403,30.302218008041237,286.75
404,30.40221800804124,293.0
405,30.50221800804124,296.75
406,30.602218008041234,290.0
407,30.702218008041235,285.0
408,30.802218008041237,289.75
409,30.90221800804124,276.5
410,31.00221800804124,274.25
411,31.102218008041234,266.5
412,31.202218008041235,270.0
413,31.302218008041237,266.5
414,31.40221800804123,259.5
415,31.502218008041233,257.75
416,31.602218008041234,248.0
417,31.702218008041235,256.75
418,31.802218008041237,259.25
419,31.90221800804123,248.25
420,32.00221800804123,240.25
421,32.102218008041234,238.0
422,32.20221800804123,240.25
423,32.30221800804123,235.25
424,32.40221800804123,243.25
425,32.50221800804123,253.0
426,32.602218008041234,220.25
427,32.70221800804123,245.75
428,32.80221800804123,229.5
429,32.90221800804123,233.25
430,33.002218008041226,233.0
431,33.10221800804123,230.5
432,33.20221800804123,212.25
433,33.30221800804123,219.75
434,33.40221800804123,216.5
435,33.502218008041226,232.0
436,33.60221800804123,218.25
437,33.70221800804123,211.25
438,33.80221800804122,207.0
439,33.902218008041224,213.0
440,34.002218008041226,228.5
441,34.10221800804123,203.25
442,34.20221800804123,200.5
443,34.30221800804122,210.75
444,34.402218008041224,212.25
445,34.502218008041226,211.75
446,34.60221800804122,203.0
447,34.70221800804122,203.25
448,34.80221800804122,210.75
449,34.902218008041224,202.75
450,35.002218008041226,196.5
451,35.10221800804122,190.75
452,35.20221800804122,200.75
453,35.30221800804122,208.25
454,35.40221800804122,197.5
455,35.50221800804122,184.75
456,35.60221800804122,194.75
457,35.70221800804122,202.25
458,35.80221800804122,201.75
459,35.90221800804122,180.5
460,36.00221800804122,201.75
461,36.10221800804122,193.0
462,36.202218008041214,186.75
463,36.302218008041216,190.75
464,36.40221800804122,187.25
465,36.50221800804122,199.25
466,36.60221800804122,185.25
467,36.702218008041214,189.0
468,36.802218008041216,181.0
469,36.90221800804122,188.75
470,37.00221800804121,186.25
471,37.10221800804121,186.75
472,37.202218008041214,197.0
473,37.302218008041216,198.0
474,37.40221800804122,185.0
475,37.50221800804121,187.25
476,37.60221800804121,184.5
477,37.702218008041214,197.0
478,37.80221800804121,186.25
479,37.90221800804121,189.25
480,38.00221800804121,195.25
481,38.10221800804121,182.0
482,38.202218008041214,178.25
483,38.30221800804121,185.5
484,38.40221800804121,169.0
485,38.50221800804121,177.0
486,38.602218008041206,172.5
487,38.70221800804121,184.25
488,38.80221800804121,170.0
489,38.90221800804121,194.25
490,39.00221800804121,178.75
491,39.102218008041206,184.25
492,39.20221800804121,173.75
493,39.30221800804121,175.25
494,39.4022180080412,162.75
495,39.502218008041204,171.75
496,39.602218008041206,177.75
497,39.70221800804121,165.0
498,39.80221800804121,177.25
499,39.9022180080412,165.75
500,40.002218008041204,169.5
501,40.102218008041206,189.0
502,40.2022180080412,187.0
503,40.3022180080412,177.25
504,40.4022180080412,168.75
505,40.502218008041204,170.5
506,40.602218008041206,181.5
507,40.7022180080412,183.75
508,40.8022180080412,175.5
509,40.9022180080412,170.0
510,41.0022180080412,185.25
511,41.1022180080412,174.5
512,41.2022180080412,165.5
513,41.3022180080412,178.5
514,41.4022180080412,164.0
515,41.5022180080412,175.75
516,41.6022180080412,176.0
517,41.7022180080412,172.25
518,41.802218008041194,182.0
519,41.902218008041196,161.5
520,42.0022180080412,178.0
521,42.1022180080412,170.75
522,42.2022180080412,162.25
523,42.302218008041194,161.0
524,42.402218008041196,157.0
525,42.5022180080412,177.5
526,42.60221800804119,172.25
527,42.70221800804119,182.75
528,42.802218008041194,153.25
529,42.902218008041196,162.5
530,43.0022180080412,158.5
531,43.10221800804119,171.75
532,43.20221800804119,165.25
533,43.302218008041194,169.5
534,43.40221800804119,170.5
535,43.50221800804119,141.5
536,43.60221800804119,168.0
537,43.70221800804119,160.75
538,43.802218008041194,160.75
539,43.90221800804119,155.0
540,44.00221800804119,158.0
541,44.10221800804119,162.75
542,44.202218008041186,135.75
543,44.30221800804119,156.75
544,44.40221800804119,161.75
545,44.50221800804119,156.75
546,44.60221800804119,144.75
547,44.702218008041186,153.75
548,44.80221800804119,147.0
549,44.90221800804119,160.0
550,45.00221800804118,153.0
551,45.102218008041184,159.75
552,45.202218008041186,143.0
553,45.30221800804119,144.5
554,45.40221800804119,144.0
555,45.50221800804118,139.25
556,45.602218008041184,159.75
557,45.702218008041186,163.25
558,45.80221800804118,149.75
559,45.90221800804118,136.5
560,46.00221800804118,146.75
561,46.102218008041184,139.0
562,46.202218008041186,155.5
563,46.30221800804118,153.5
564,46.40221800804118,149.0
565,46.50221800804118,140.25
566,46.60221800804118,144.25
567,46.70221800804118,145.5
568,46.80221800804118,153.5
569,46.90221800804118,143.0
570,47.00221800804118,137.25
571,47.10221800804118,147.75
572,47.20221800804118,139.0
573,47.30221800804118,148.75
574,47.402218008041174,140.25
575,47.502218008041176,155.75
576,47.60221800804118,146.5
577,47.70221800804118,146.0
578,47.80221800804118,138.75
579,47.902218008041174,140.0
580,48.002218008041176,138.5
581,48.10221800804118,137.75
582,48.20221800804117,130.0
583,48.30221800804117,141.0
584,48.402218008041174,143.25
585,48.502218008041176,141.5
586,48.60221800804118,141.25
587,48.70221800804117,139.5
588,48.80221800804117,149.75
589,48.902218008041174,135.25
590,49.00221800804117,146.0
591,49.10221800804117,150.5
592,49.20221800804117,148.0
593,49.30221800804117,142.0
594,49.402218008041174,144.0
595,49.50221800804117,127.0
596,49.60221800804117,137.5
597,49.70221800804117,137.25
598,49.802218008041166,146.25
599,49.90221800804117,132.5
600,50.00221800804117,141.25
601,50.10221800804117,137.25
602,50.20221800804117,141.0
603,50.302218008041166,139.75
604,50.40221800804117,141.75
605,50.50221800804117,133.25
606,50.60221800804116,128.25
607,50.702218008041164,134.75
608,50.802218008041166,141.5
609,50.90221800804117,130.75
610,51.00221800804117,141.0
611,51.10221800804116,134.75
612,51.202218008041164,130.5
613,51.302218008041166,139.75
614,51.40221800804116,137.5
615,51.50221800804116,141.0
616,51.60221800804116,149.0
617,51.702218008041164,135.25
618,51.802218008041166,133.75
619,51.90221800804116,130.5
620,52.00221800804116,137.5
621,52.10221800804116,135.25
622,52.20221800804116,135.5
623,52.30221800804116,137.0
624,52.40221800804116,143.75
625,52.50221800804116,137.5
626,52.60221800804116,141.75
627,52.70221800804116,136.0
628,52.80221800804116,139.25
629,52.90221800804116,136.0
630,53.002218008041154,132.25
631,53.102218008041156,137.75
632,53.20221800804116,134.75
633,53.30221800804116,133.25
634,53.40221800804116,137.75
635,53.502218008041154,144.75
636,53.602218008041156,130.75
637,53.70221800804116,138.75
638,53.80221800804115,137.75
639,53.90221800804115,136.25
640,54.002218008041154,129.0
641,54.10221800804115,135.0
642,54.20221800804116,135.75
643,54.30221800804115,136.75
644,54.40221800804116,143.5
645,54.502218008041154,137.75
646,54.60221800804115,135.0
647,54.70221800804116,140.75
648,54.80221800804115,134.5
649,54.902218008041146,134.75
650,55.002218008041154,135.0
651,55.10221800804115,127.75
652,55.20221800804114,138.25
653,55.30221800804115,136.25
654,55.402218008041146,136.5
655,55.502218008041154,131.0
656,55.60221800804115,144.5
657,55.70221800804114,135.75
658,55.80221800804115,136.5
659,55.902218008041146,122.25
660,56.002218008041154,128.25
661,56.10221800804115,134.75
662,56.20221800804114,131.0
663,56.30221800804115,134.25
664,56.402218008041146,135.75
665,56.50221800804114,137.5
666,56.60221800804115,125.25
667,56.70221800804114,132.25
668,56.80221800804114,135.0
669,56.902218008041146,125.25
670,57.00221800804114,134.0
671,57.10221800804115,135.25
672,57.20221800804114,138.75
673,57.30221800804114,128.0
674,57.402218008041146,141.25
675,57.50221800804114,125.5
676,57.60221800804115,136.75
677,57.70221800804114,134.75
678,57.80221800804114,142.0
679,57.902218008041146,123.0
680,58.00221800804114,123.0
681,58.102218008041135,126.5
682,58.20221800804114,133.5
683,58.30221800804114,138.75
684,58.40221800804113,135.0
685,58.50221800804114,142.25
686,58.602218008041135,133.0
687,58.70221800804114,136.75
688,58.80221800804114,130.0
689,58.90221800804113,126.0
690,59.00221800804114,135.75
691,59.102218008041135,138.75
692,59.20221800804114,135.0
693,59.30221800804114,127.75
694,59.40221800804113,132.25
695,59.50221800804114,137.75
696,59.602218008041135,131.25
697,59.70221800804113,140.25
698,59.80221800804114,123.0
699,59.90221800804113,137.5
700,60.002218008041126,138.25
701,60.102218008041135,135.0
702,60.20221800804113,127.25
703,60.30221800804114,143.25
704,60.40221800804113,138.25
705,60.502218008041126,138.5
706,60.602218008041135,136.75
707,60.70221800804113,137.0
708,60.80221800804114,135.5
709,60.90221800804113,136.0
710,61.002218008041126,136.25
711,61.102218008041135,140.25
712,61.20221800804113,130.25
713,61.30221800804112,124.25
714,61.40221800804113,128.25
715,61.502218008041126,131.75
716,61.60221800804112,124.5
717,61.70221800804113,139.0
718,61.80221800804112,153.0
719,61.90221800804113,135.25
720,62.002218008041126,133.75
721,62.10221800804112,128.25
722,62.20221800804113,132.5
723,62.30221800804112,141.25
724,62.40221800804113,119.25
725,62.502218008041126,123.5
726,62.60221800804112,123.25
727,62.70221800804113,137.75
728,62.80221800804112,128.0
729,62.90221800804112,130.25
730,63.002218008041126,124.0
731,63.10221800804112,129.25
732,63.202218008041115,138.5
733,63.30221800804112,134.5
734,63.40221800804112,128.25
735,63.502218008041126,125.75
736,63.60221800804112,127.5
737,63.702218008041115,127.0
738,63.80221800804112,128.25
739,63.90221800804112,125.75
740,64.00221800804113,132.5
741,64.10221800804112,123.75
742,64.20221800804111,127.25
743,64.30221800804112,135.0
744,64.40221800804112,132.75
745,64.50221800804111,128.25
746,64.60221800804112,141.5
747,64.70221800804111,131.0
748,64.80221800804111,133.5
749,64.90221800804112,129.5
750,65.00221800804111,126.75
751,65.10221800804112,124.0
752,65.20221800804111,127.5
753,65.30221800804111,141.25
754,65.40221800804112,128.5
755,65.50221800804111,119.0
756,65.60221800804112,139.25
757,65.70221800804111,119.25
758,65.80221800804111,134.0
759,65.90221800804112,141.0
760,66.00221800804111,133.5
761,66.1022180080411,143.75
762,66.20221800804111,132.75
763,66.30221800804111,135.25
764,66.4022180080411,130.25
765,66.50221800804111,132.75
766,66.6022180080411,135.5
767,66.70221800804111,127.75
768,66.80221800804111,122.75
769,66.9022180080411,137.5
770,67.00221800804111,137.0
771,67.1022180080411,118.5
772,67.20221800804111,125.25
773,67.30221800804111,128.0
774,67.4022180080411,122.0
775,67.50221800804111,122.75
776,67.6022180080411,121.5
777,67.7022180080411,124.25
778,67.80221800804111,133.75
779,67.9022180080411,124.5
780,68.0022180080411,132.25
781,68.1022180080411,132.5
782,68.2022180080411,130.75
783,68.30221800804111,132.0
784,68.4022180080411,133.75
785,68.5022180080411,127.5
786,68.6022180080411,123.25
787,68.7022180080411,123.25
788,68.80221800804111,130.0
789,68.9022180080411,125.75
790,69.0022180080411,140.25
791,69.1022180080411,138.75
792,69.2022180080411,136.75
793,69.3022180080411,132.75
794,69.4022180080411,138.5
795,69.5022180080411,135.0
796,69.60221800804109,130.5
797,69.7022180080411,127.25
798,69.8022180080411,133.75
799,69.9022180080411,119.75
800,70.0022180080411,125.0
801,70.10221800804109,130.25
802,70.2022180080411,137.5
803,70.3022180080411,129.25
804,70.4022180080411,134.75
805,70.5022180080411,118.75
806,70.60221800804109,126.5
807,70.7022180080411,132.5
808,70.8022180080411,131.75
809,70.90221800804109,135.75
810,71.0022180080411,123.0
811,71.10221800804109,125.5
812,71.20221800804109,133.25
813,71.3022180080411,128.5
814,71.40221800804109,131.5
815,71.5022180080411,131.25
816,71.60221800804109,122.5
817,71.70221800804109,131.75
818,71.8022180080411,133.5
819,71.90221800804109,138.0
820,72.0022180080411,135.25
821,72.10221800804109,132.5
822,72.20221800804109,130.75
823,72.3022180080411,124.5
824,72.40221800804109,132.75
825,72.50221800804108,124.0
826,72.60221800804109,135.25
827,72.70221800804109,135.75
828,72.80221800804108,128.0
829,72.90221800804109,127.0
830,73.00221800804108,132.0
831,73.10221800804109,134.75
832,73.20221800804109,116.5
833,73.30221800804108,130.0
834,73.40221800804109,128.75
835,73.50221800804108,129.75
836,73.60221800804109,125.5
837,73.70221800804109,133.5
838,73.80221800804108,127.0
839,73.90221800804109,130.0
840,74.00221800804108,122.0
841,74.10221800804108,123.0
842,74.20221800804109,135.0
843,74.30221800804108,127.5
844,74.40221800804107,124.75
845,74.50221800804108,130.5
846,74.60221800804108,123.75
847,74.70221800804109,130.0
848,74.80221800804108,127.25
849,74.90221800804107,130.0
850,75.00221800804108,133.5
851,75.10221800804108,140.0
852,75.20221800804109,132.25
853,75.30221800804108,117.75
854,75.40221800804107,121.25
855,75.50221800804108,133.25
856,75.60221800804108,126.75
857,75.70221800804107,134.25
858,75.80221800804108,130.25
859,75.90221800804107,134.5
860,76.00221800804107,132.25
861,76.10221800804108,123.5
862,76.20221800804107,140.25
863,76.30221800804108,135.0
864,76.40221800804107,138.0
865,76.50221800804107,134.75
866,76.60221800804108,119.75
867,76.70221800804107,138.25
868,76.80221800804108,128.0
869,76.90221800804107,128.25
870,77.00221800804107,133.75
871,77.10221800804108,133.25
872,77.20221800804107,136.0
873,77.30221800804107,128.25
874,77.40221800804107,141.0
875,77.50221800804107,129.5
876,77.60221800804106,139.5
877,77.70221800804107,121.5
878,77.80221800804107,138.75
879,77.90221800804107,136.5
880,78.00221800804107,129.0
881,78.10221800804106,125.25
882,78.20221800804107,131.75
883,78.30221800804107,132.75
884,78.40221800804107,133.0
885,78.50221800804107,133.0
886,78.60221800804106,134.25
887,78.70221800804107,132.75
888,78.80221800804107,130.75
889,78.90221800804106,132.25
890,79.00221800804107,130.25
891,79.10221800804106,116.75
892,79.20221800804106,128.5
893,79.30221800804107,139.25
894,79.40221800804106,123.5
895,79.50221800804107,122.25
896,79.60221800804106,132.75
897,79.70221800804106,125.0
898,79.80221800804107,137.5
899,79.90221800804106,124.0
900,80.00221800804107,120.25
901,80.10221800804106,131.25
902,80.20221800804106,125.5
903,80.30221800804107,132.0
904,80.40221800804106,134.5
905,80.50221800804105,132.75
906,80.60221800804106,128.75
907,80.70221800804106,131.75
908,80.80221800804105,130.75
909,80.90221800804106,129.0
910,81.00221800804105,120.5
911,81.10221800804106,125.5
912,81.20221800804106,130.5
913,81.30221800804105,131.5
914,81.40221800804106,121.5
915,81.50221800804105,120.25
916,81.60221800804106,119.75
917,81.70221800804106,128.75
918,81.80221800804105,122.5
919,81.90221800804106,131.5
920,82.00221800804105,134.5
921,82.10221800804105,132.0
922,82.20221800804106,121.75
923,82.30221800804105,127.5
924,82.40221800804105,124.25
925,82.50221800804105,129.75
926,82.60221800804105,141.5
927,82.70221800804106,124.0
928,82.80221800804105,141.25
929,82.90221800804105,120.5
930,83.00221800804105,123.25
931,83.10221800804105,133.25
932,83.20221800804106,117.25
933,83.30221800804105,125.5
934,83.40221800804105,137.0
935,83.50221800804105,131.25
936,83.60221800804105,124.0
937,83.70221800804104,131.0
938,83.80221800804105,125.0
939,83.90221800804105,136.5
940,84.00221800804104,119.0
941,84.10221800804105,135.25
942,84.20221800804104,131.0
943,84.30221800804105,132.0
944,84.40221800804105,130.25
945,84.50221800804104,133.0
946,84.60221800804105,128.25
947,84.70221800804104,128.5
948,84.80221800804105,127.0
949,84.90221800804105,129.5
950,85.00221800804104,142.25
951,85.10221800804105,131.5
952,85.20221800804104,131.0
953,85.30221800804104,136.25
954,85.40221800804105,130.25
955,85.50221800804104,131.25
956,85.60221800804104,125.0
957,85.70221800804104,135.75
958,85.80221800804104,117.75
959,85.90221800804105,125.25
960,86.00221800804104,126.0
961,86.10221800804104,137.0
962,86.20221800804104,119.0
963,86.30221800804104,121.0
964,86.40221800804105,123.75
965,86.50221800804104,124.5
966,86.60221800804104,121.75
967,86.70221800804104,133.5
968,86.80221800804104,123.5
969,86.90221800804103,127.25
970,87.00221800804104,140.25
971,87.10221800804104,131.25
972,87.20221800804103,120.25
973,87.30221800804104,128.75
974,87.40221800804103,149.75
975,87.50221800804104,123.75
976,87.60221800804104,130.0
977,87.70221800804103,118.5
978,87.80221800804104,129.25
979,87.90221800804103,131.75
980,88.00221800804104,130.25
981,88.10221800804104,123.25
982,88.20221800804103,140.0
983,88.30221800804104,111.5
984,88.40221800804103,132.25
985,88.50221800804103,149.0
986,88.60221800804104,126.25
987,88.70221800804103,121.25
988,88.80221800804102,130.0
989,88.90221800804103,127.25
990,89.00221800804103,121.25
991,89.10221800804104,131.25
992,89.20221800804103,128.5
993,89.30221800804102,132.75
994,89.40221800804103,128.25
995,89.50221800804103,123.0
996,89.60221800804104,135.25
997,89.70221800804103,135.25
998,89.80221800804102,130.75
999,89.90221800804103,125.0
1000,90.00221800804103,131.5
1001,90.10221800804102,121.0
1002,90.20221800804103,121.5
1003,90.30221800804102,125.75
1004,90.40221800804102,139.75
1005,90.50221800804103,117.25
1006,90.60221800804102,119.25
1007,90.70221800804103,131.5
1008,90.80221800804102,125.5
1009,90.90221800804102,126.5
1010,91.00221800804103,123.75
1011,91.10221800804102,125.25
1012,91.20221800804103,129.0
1013,91.30221800804102,127.75
1014,91.40221800804102,116.5
1015,91.50221800804103,122.5
1016,91.60221800804102,126.75
1017,91.70221800804102,133.0
1018,91.80221800804102,127.0
1019,91.90221800804102,129.25
1020,92.00221800804101,124.5
1021,92.10221800804102,129.0
1022,92.20221800804102,131.25
1023,92.30221800804102,131.0
1024,92.40221800804102,136.75
1025,92.50221800804101,127.0
1026,92.60221800804102,131.25
1027,92.70221800804102,134.75
1028,92.80221800804102,137.75
1029,92.90221800804102,125.75
1030,93.00221800804101,130.0
1031,93.10221800804102,132.5
1032,93.20221800804102,125.25
1033,93.30221800804101,125.25
1034,93.40221800804102,130.25
1035,93.50221800804101,130.5
1036,93.602218008041,142.5
1037,93.70221800804102,132.0
1038,93.80221800804101,134.25
1039,93.90221800804102,119.75
1040,94.00221800804101,131.5
1041,94.102218008041,134.0
1042,94.20221800804102,136.75
1043,94.30221800804101,126.5
1044,94.40221800804102,139.5
1045,94.50221800804101,131.75
1046,94.602218008041,132.5
1047,94.70221800804102,127.25
1048,94.80221800804101,132.25
1049,94.902218008041,126.75
1050,95.00221800804101,135.75
1051,95.102218008041,134.0
1052,95.202218008041,133.25
1053,95.30221800804101,134.5
1054,95.402218008041,124.75
1055,95.50221800804101,141.0
1056,95.602218008041,130.5
1057,95.702218008041,123.5
1058,95.80221800804101,129.75
1059,95.902218008041,133.75
1060,96.00221800804101,130.0
1061,96.102218008041,123.0
1062,96.202218008041,138.25
1063,96.30221800804101,131.5
1064,96.402218008041,139.0
1065,96.502218008041,130.5
1066,96.602218008041,130.0
1067,96.702218008041,141.5
1068,96.802218008041,136.0
1069,96.902218008041,141.25
1070,97.002218008041,130.0
1071,97.102218008041,133.75
1072,97.202218008041,139.0
1073,97.302218008041,131.25
1074,97.402218008041,129.25
1075,97.502218008041,139.5
1076,97.602218008041,136.75
1077,97.702218008041,144.5
1078,97.802218008041,138.0
1079,97.902218008041,143.0
1080,98.002218008041,136.25
1081,98.10221800804099,137.75
1082,98.202218008041,129.0
1083,98.302218008041,136.25
1084,98.40221800804099,139.25
1085,98.502218008041,128.5
1086,98.60221800804099,138.75
1087,98.702218008041,129.0
1088,98.802218008041,135.5
1089,98.90221800804099,136.5
1090,99.002218008041,137.5
1091,99.10221800804099,134.5
1092,99.202218008041,139.75
1093,99.302218008041,132.5
1094,99.40221800804099,132.75
1095,99.502218008041,127.0
1096,99.60221800804099,129.25
1097,99.70221800804099,128.25
1098,99.802218008041,129.5
1099,99.90221800804099,132.0
