,Start,AvgCounts
0,-9.999567985534668,139.0
1,-9.899567985534668,146.5
2,-9.799567985534669,142.75
3,-9.699567985534669,133.0
4,-9.59956798553467,129.25
5,-9.49956798553467,136.75
6,-9.39956798553467,129.25
7,-9.29956798553467,128.0
8,-9.19956798553467,132.5
9,-9.099567985534671,136.75
10,-8.999567985534672,135.5
11,-8.899567985534672,138.0
12,-8.799567985534672,127.25
13,-8.699567985534673,137.0
14,-8.599567985534673,130.25
15,-8.499567985534673,132.75
16,-8.399567985534674,129.0
17,-8.299567985534674,131.5
18,-8.199567985534674,137.5
19,-8.099567985534675,143.5
20,-7.999567985534675,140.5
21,-7.899567985534675,141.25
22,-7.799567985534676,143.5
23,-7.699567985534676,130.25
24,-7.5995679855346765,132.75
25,-7.499567985534677,128.75
26,-7.399567985534677,129.0
27,-7.299567985534678,131.75
28,-7.199567985534678,141.75
29,-7.099567985534678,118.25
30,-6.999567985534679,129.0
31,-6.899567985534679,137.0
32,-6.799567985534679,123.75
33,-6.69956798553468,141.75
34,-6.59956798553468,127.25
35,-6.49956798553468,136.0
36,-6.399567985534681,127.25
37,-6.299567985534681,134.5
38,-6.1995679855346815,129.25
39,-6.099567985534682,126.25
40,-5.999567985534682,126.0
41,-5.8995679855346825,124.5
42,-5.799567985534683,130.25
43,-5.699567985534683,135.0
44,-5.599567985534684,132.25
45,-5.499567985534684,130.5
46,-5.399567985534684,118.25
47,-5.299567985534685,130.5
48,-5.199567985534685,138.25
49,-5.099567985534685,124.5
50,-4.999567985534686,127.5
51,-4.899567985534686,132.0
52,-4.799567985534686,144.5
53,-4.699567985534687,131.75
54,-4.599567985534687,129.0
55,-4.4995679855346875,136.5
56,-4.399567985534688,128.25
57,-4.299567985534688,132.5
58,-4.199567985534689,129.0
59,-4.099567985534689,127.25
60,-3.9995679855346893,118.0
61,-3.8995679855346896,130.0
62,-3.79956798553469,131.0
63,-3.6995679855346904,136.25
64,-3.5995679855346907,130.5
65,-3.499567985534691,123.75
66,-3.3995679855346914,132.25
67,-3.2995679855346918,113.75
68,-3.199567985534692,144.0
69,-3.0995679855346925,122.75
70,-2.999567985534693,132.25
71,-2.899567985534693,131.0
72,-2.7995679855346935,140.25
73,-2.699567985534694,136.0
74,-2.5995679855346943,140.0
75,-2.4995679855346946,129.25
76,-2.399567985534695,134.0
77,-2.2995679855346953,128.0
78,-2.1995679855346957,122.0
79,-2.099567985534696,133.75
80,-1.9995679855346964,136.0
81,-1.8995679855346967,134.25
82,-1.799567985534697,150.0
83,-1.6995679855346975,135.75
84,-1.5995679855346978,137.25
85,-1.4995679855346982,147.0
86,-1.3995679855346985,133.25
87,-1.2995679855346989,135.75
88,-1.1995679855346992,136.0
89,-1.0995679855346996,132.0
90,-0.9995679855346999,142.75
91,-0.8995679855347003,144.75
92,-0.7995679855347007,143.0
93,-0.699567985534701,136.75
94,-0.5995679855347014,148.25
95,-0.4995679855347017,139.75
96,-0.3995679855347021,152.75
97,-0.29956798553470243,148.75
98,-0.19956798553470279,141.0
99,-0.09956798553470314,148.25
100,0.0004320144652965041,149.25
101,0.10043201446529615,145.25
102,0.2004320144652958,147.5
103,0.30043201446529544,155.5
104,0.4004320144652951,146.5
105,0.5004320144652947,154.0
106,0.6004320144652944,151.5
107,0.700432014465294,153.75
108,0.8004320144652937,151.5
109,0.9004320144652933,146.5
110,1.000432014465293,155.25
111,1.1004320144652926,149.75
112,1.2004320144652922,157.5
113,1.3004320144652919,148.25
114,1.4004320144652915,158.25
115,1.5004320144652912,155.0
116,1.6004320144652908,144.0
117,1.7004320144652905,153.0
118,1.80043201446529,156.0
119,1.9004320144652898,157.0
120,2.0004320144652894,157.0
121,2.100432014465289,167.5
122,2.2004320144652887,145.25
123,2.3004320144652883,159.75
124,2.400432014465288,149.25
125,2.5004320144652876,169.25
126,2.6004320144652873,156.75
127,2.700432014465287,157.5
128,2.8004320144652866,171.75
129,2.900432014465286,156.5
130,3.000432014465286,169.75
131,3.1004320144652855,158.5
132,3.200432014465285,163.75
133,3.300432014465285,174.0
134,3.4004320144652844,164.5
135,3.500432014465284,179.0
136,3.6004320144652837,183.5
137,3.7004320144652834,173.0
138,3.800432014465283,174.25
139,3.9004320144652826,165.0
140,4.000432014465282,166.25
141,4.100432014465282,174.5
142,4.200432014465282,160.75
143,4.300432014465281,173.25
144,4.400432014465281,156.75
145,4.5004320144652805,166.75
146,4.60043201446528,166.5
147,4.70043201446528,171.5
148,4.8004320144652795,166.0
149,4.900432014465279,170.5
150,5.000432014465279,169.25
151,5.100432014465278,163.5
152,5.200432014465278,158.5
153,5.300432014465278,169.5
154,5.400432014465277,164.0
155,5.500432014465277,170.75
156,5.600432014465277,155.25
157,5.700432014465276,162.25
158,5.800432014465276,156.5
159,5.9004320144652755,157.5
160,6.000432014465275,163.5
161,6.100432014465277,152.25
162,6.2004320144652745,159.75
163,6.300432014465272,160.25
164,6.400432014465274,161.75
165,6.500432014465275,161.0
166,6.600432014465273,161.5
167,6.700432014465271,152.75
168,6.800432014465272,168.5
169,6.900432014465274,164.25
170,7.000432014465272,166.75
171,7.1004320144652695,170.75
172,7.200432014465271,165.5
173,7.300432014465272,162.0
174,7.40043201446527,169.75
175,7.500432014465268,160.0
176,7.6004320144652695,163.0
177,7.700432014465271,161.25
178,7.800432014465269,157.0
179,7.900432014465267,163.75
180,8.000432014465268,159.5
181,8.10043201446527,171.5
182,8.200432014465267,173.75
183,8.300432014465265,177.0
184,8.400432014465267,168.75
185,8.500432014465268,169.75
186,8.600432014465266,167.5
187,8.700432014465264,173.0
188,8.800432014465265,182.5
189,8.900432014465267,177.5
190,9.000432014465265,186.5
191,9.100432014465262,168.25
192,9.200432014465264,169.5
193,9.300432014465265,168.75
194,9.400432014465263,178.75
195,9.500432014465261,168.25
196,9.600432014465262,160.5
197,9.700432014465264,164.75
198,9.800432014465262,173.0
199,9.90043201446526,172.75
200,10.000432014465261,166.0
201,10.100432014465262,181.75
202,10.20043201446526,173.75
203,10.300432014465258,170.5
204,10.40043201446526,167.0
205,10.500432014465261,173.75
206,10.600432014465259,172.25
207,10.700432014465257,174.75
208,10.800432014465258,176.25
209,10.90043201446526,167.75
210,11.000432014465257,180.25
211,11.100432014465255,170.25
212,11.200432014465257,168.75
213,11.300432014465258,168.0
214,11.400432014465256,179.75
215,11.500432014465254,168.75
216,11.600432014465255,159.25
217,11.700432014465257,182.5
218,11.800432014465255,177.5
219,11.900432014465252,184.75
220,12.000432014465254,164.75
221,12.100432014465255,162.75
222,12.200432014465253,174.75
223,12.300432014465251,168.5
224,12.400432014465252,162.5
225,12.500432014465254,162.25
226,12.600432014465252,170.25
227,12.70043201446525,168.5
228,12.800432014465251,174.25
229,12.900432014465252,175.25
230,13.00043201446525,170.75
231,13.100432014465248,181.25
232,13.20043201446525,181.5
233,13.300432014465251,177.0
234,13.400432014465249,160.5
235,13.500432014465247,163.25
236,13.600432014465248,172.5
237,13.70043201446525,167.5
238,13.800432014465247,158.75
239,13.900432014465245,172.5
240,14.000432014465247,164.75
241,14.100432014465248,166.0
242,14.200432014465246,156.25
243,14.300432014465244,162.25
244,14.400432014465245,171.5
245,14.500432014465247,162.75
246,14.600432014465245,174.5
247,14.700432014465243,164.0
248,14.800432014465244,167.5
249,14.900432014465245,177.75
250,15.000432014465243,163.75
251,15.100432014465241,156.75
252,15.200432014465243,174.75
253,15.300432014465244,154.75
254,15.400432014465242,169.5
255,15.50043201446524,162.5
256,15.600432014465241,167.0
257,15.700432014465243,153.0
258,15.80043201446524,160.5
259,15.900432014465238,159.5
260,16.00043201446524,163.5
261,16.10043201446524,149.0
262,16.20043201446524,163.5
263,16.300432014465237,147.75
264,16.40043201446524,151.75
265,16.50043201446524,152.25
266,16.600432014465238,166.75
267,16.700432014465235,163.75
268,16.800432014465237,159.25
269,16.90043201446524,157.75
270,17.000432014465236,156.0
271,17.100432014465234,153.0
272,17.200432014465235,154.5
273,17.300432014465237,156.75
274,17.400432014465235,164.75
275,17.500432014465233,147.0
276,17.600432014465234,164.25
277,17.700432014465235,152.0
278,17.800432014465233,163.25
279,17.90043201446523,152.0
280,18.000432014465233,157.0
281,18.100432014465234,152.25
282,18.200432014465232,157.75
283,18.30043201446523,159.75
284,18.40043201446523,154.25
285,18.500432014465233,158.0
286,18.60043201446523,155.75
287,18.70043201446523,154.5
288,18.80043201446523,150.75
289,18.90043201446523,157.5
290,19.00043201446523,153.75
291,19.100432014465227,155.0
292,19.20043201446523,157.25
293,19.30043201446523,161.5
294,19.400432014465228,154.25
295,19.500432014465225,153.75
296,19.600432014465227,149.25
297,19.70043201446523,163.25
298,19.800432014465226,151.75
299,19.900432014465224,164.5
300,20.000432014465225,149.0
301,20.100432014465227,149.0
302,20.200432014465225,148.5
303,20.300432014465223,155.0
304,20.400432014465224,145.5
305,20.500432014465225,157.75
306,20.600432014465223,141.5
307,20.70043201446522,155.25
308,20.800432014465223,156.75
309,20.900432014465224,146.25
310,21.000432014465222,149.75
311,21.10043201446522,143.25
312,21.20043201446522,145.0
313,21.300432014465223,134.75
314,21.40043201446522,149.0
315,21.50043201446522,155.25
316,21.60043201446522,140.5
317,21.70043201446522,145.25
318,21.80043201446522,153.25
319,21.900432014465217,145.75
320,22.00043201446522,146.25
321,22.10043201446522,152.5
322,22.20043201446522,133.25
323,22.300432014465216,151.5
324,22.400432014465217,158.75
325,22.50043201446522,144.75
326,22.600432014465213,145.75
327,22.700432014465214,150.25
328,22.800432014465216,150.5
329,22.900432014465217,146.0
330,23.00043201446522,142.5
331,23.100432014465213,152.5
332,23.200432014465214,153.0
333,23.300432014465216,142.25
334,23.40043201446521,143.75
335,23.50043201446521,152.5
336,23.600432014465213,145.75
337,23.700432014465214,165.0
338,23.800432014465216,165.75
339,23.90043201446521,160.5
340,24.00043201446521,167.25
341,24.100432014465213,169.75
342,24.200432014465207,156.0
343,24.30043201446521,160.75
344,24.40043201446521,153.5
345,24.50043201446521,162.25
346,24.600432014465213,152.5
347,24.700432014465207,176.25
348,24.80043201446521,194.75
349,24.90043201446521,202.0
350,25.000432014465204,210.25
351,25.100432014465206,193.5
352,25.200432014465207,188.0
353,25.30043201446521,191.0
354,25.40043201446521,208.5
355,25.500432014465204,214.0
356,25.600432014465206,197.5
357,25.700432014465207,190.25
358,25.8004320144652,223.0
359,25.900432014465203,230.0
360,26.000432014465204,225.0
361,26.100432014465206,242.0
362,26.200432014465207,250.25
363,26.3004320144652,241.25
364,26.400432014465203,255.5
365,26.500432014465204,262.25
366,26.6004320144652,280.75
367,26.7004320144652,272.25
368,26.8004320144652,273.75
369,26.900432014465203,286.75
370,27.000432014465204,285.75
371,27.1004320144652,281.5
372,27.2004320144652,295.5
373,27.3004320144652,286.5
374,27.400432014465196,284.75
375,27.500432014465197,246.75
376,27.6004320144652,249.75
377,27.7004320144652,276.5
378,27.8004320144652,293.0
379,27.900432014465196,289.0
380,28.000432014465197,287.5
381,28.1004320144652,261.0
382,28.200432014465193,238.75
383,28.300432014465194,221.5
384,28.400432014465196,214.25
385,28.500432014465197,266.25
386,28.6004320144652,340.75
387,28.700432014465193,288.5
388,28.800432014465194,254.25
389,28.900432014465196,273.75
390,29.00043201446519,277.0
391,29.10043201446519,292.75
392,29.200432014465193,346.5
393,29.300432014465194,331.75
394,29.400432014465196,328.0
395,29.50043201446519,294.25
396,29.60043201446519,334.25
397,29.700432014465193,340.5
398,29.800432014465187,278.25
399,29.90043201446519,269.0
400,30.00043201446519,301.0
401,30.10043201446519,322.5
402,30.200432014465193,351.25
403,30.300432014465187,354.75
404,30.40043201446519,366.5
405,30.50043201446519,360.5
406,30.600432014465184,389.75
407,30.700432014465186,347.0
408,30.800432014465187,320.5
409,30.90043201446519,253.75
410,31.00043201446519,237.75
411,31.100432014465184,260.25
412,31.200432014465186,271.75
413,31.300432014465187,272.25
414,31.40043201446518,290.0
415,31.500432014465183,346.75
416,31.600432014465184,383.75
417,31.700432014465186,418.5
418,31.800432014465187,372.5
419,31.90043201446518,325.75
420,32.00043201446518,306.0
421,32.100432014465184,292.25
422,32.20043201446518,286.75
423,32.30043201446518,298.5
424,32.40043201446518,305.25
425,32.50043201446518,297.0
426,32.600432014465184,379.25
427,32.70043201446518,418.25
428,32.80043201446518,435.25
429,32.90043201446518,491.5
430,33.000432014465176,490.5
431,33.10043201446518,355.5
432,33.20043201446518,306.25
433,33.30043201446518,282.75
434,33.40043201446518,282.25
435,33.500432014465176,272.25
436,33.60043201446518,267.0
437,33.70043201446518,281.75
438,33.80043201446517,261.75
439,33.900432014465174,249.5
440,34.000432014465176,239.0
441,34.10043201446518,259.75
442,34.20043201446518,241.5
443,34.30043201446517,237.5
444,34.400432014465174,250.0
445,34.500432014465176,242.0
446,34.60043201446517,229.5
447,34.70043201446517,221.75
448,34.80043201446517,228.5
449,34.900432014465174,210.5
450,35.000432014465176,211.75
451,35.10043201446517,210.0
452,35.20043201446517,201.5
453,35.30043201446517,202.0
454,35.40043201446517,211.5
455,35.50043201446517,208.0
456,35.60043201446517,217.5
457,35.70043201446517,218.0
458,35.80043201446517,209.25
459,35.90043201446517,210.5
460,36.00043201446517,209.25
461,36.10043201446517,222.75
462,36.200432014465164,202.5
463,36.300432014465166,228.0
464,36.40043201446517,225.75
465,36.50043201446517,228.25
466,36.60043201446517,245.25
467,36.700432014465164,250.75
468,36.800432014465166,253.0
469,36.90043201446517,264.5
470,37.00043201446516,288.25
471,37.10043201446516,311.75
472,37.200432014465164,298.25
473,37.300432014465166,340.75
474,37.40043201446517,349.0
475,37.50043201446516,296.75
476,37.60043201446516,282.75
477,37.700432014465164,273.25
478,37.80043201446516,238.75
479,37.90043201446516,234.25
480,38.00043201446516,208.0
481,38.10043201446516,200.75
482,38.200432014465164,209.0
483,38.30043201446516,209.25
484,38.40043201446516,197.5
485,38.50043201446516,200.0
486,38.600432014465156,199.5
487,38.70043201446516,190.0
488,38.80043201446516,173.25
489,38.90043201446516,184.25
490,39.00043201446516,175.75
491,39.100432014465156,169.0
492,39.20043201446516,188.25
493,39.30043201446516,169.25
494,39.40043201446515,169.5
495,39.500432014465154,160.75
496,39.600432014465156,154.75
497,39.70043201446516,164.0
498,39.80043201446516,161.75
499,39.90043201446515,162.75
500,40.000432014465154,177.25
501,40.100432014465156,163.75
502,40.20043201446515,158.25
503,40.30043201446515,161.75
504,40.40043201446515,147.25
505,40.500432014465154,144.0
506,40.600432014465156,160.75
507,40.70043201446515,158.25
508,40.80043201446515,154.5
509,40.90043201446515,140.25
510,41.00043201446515,156.75
511,41.10043201446515,152.0
512,41.20043201446515,145.5
513,41.30043201446515,146.5
514,41.40043201446515,152.75
515,41.50043201446515,143.5
516,41.60043201446515,150.25
517,41.70043201446515,137.75
518,41.800432014465144,149.0
519,41.900432014465146,149.75
520,42.00043201446515,158.25
521,42.10043201446515,142.0
522,42.20043201446515,137.0
523,42.300432014465144,149.5
524,42.400432014465146,164.0
525,42.50043201446515,148.0
526,42.60043201446514,150.25
527,42.70043201446514,157.5
528,42.800432014465144,151.0
529,42.900432014465146,157.25
530,43.00043201446515,140.25
531,43.10043201446514,140.0
532,43.20043201446514,147.25
533,43.300432014465144,152.5
534,43.40043201446514,139.25
535,43.50043201446514,140.5
536,43.60043201446514,149.75
537,43.70043201446514,149.75
538,43.800432014465144,139.75
539,43.90043201446514,156.0
540,44.00043201446514,138.25
541,44.10043201446514,135.5
542,44.200432014465136,140.5
543,44.30043201446514,149.5
544,44.40043201446514,148.75
545,44.50043201446514,139.5
546,44.60043201446514,143.0
547,44.700432014465136,158.5
548,44.80043201446514,143.75
549,44.90043201446514,148.5
550,45.00043201446513,132.5
551,45.100432014465135,152.25
552,45.200432014465136,143.25
553,45.30043201446514,135.75
554,45.40043201446514,142.25
555,45.50043201446513,140.5
556,45.600432014465135,138.75
557,45.700432014465136,144.5
558,45.80043201446513,135.25
559,45.90043201446513,149.0
560,46.00043201446513,142.25
561,46.100432014465135,150.0
562,46.200432014465136,135.75
563,46.30043201446513,145.0
564,46.40043201446513,133.5
565,46.50043201446513,136.25
566,46.60043201446513,137.0
567,46.70043201446513,132.25
568,46.80043201446513,148.5
569,46.90043201446513,130.5
570,47.00043201446513,144.5
571,47.10043201446513,139.25
572,47.20043201446513,136.0
573,47.30043201446513,140.75
574,47.400432014465125,144.0
575,47.500432014465126,132.25
576,47.60043201446513,141.75
577,47.70043201446513,130.5
578,47.80043201446513,144.5
579,47.900432014465125,136.0
580,48.000432014465126,128.5
581,48.10043201446513,139.5
582,48.20043201446512,136.25
583,48.30043201446512,136.5
584,48.400432014465125,135.0
585,48.500432014465126,138.75
586,48.60043201446513,130.25
587,48.70043201446512,135.25
588,48.80043201446512,137.75
589,48.900432014465125,125.25
590,49.00043201446512,131.5
591,49.10043201446512,137.5
592,49.20043201446512,129.25
593,49.30043201446512,136.0
594,49.400432014465125,135.75
595,49.50043201446512,123.25
596,49.60043201446512,138.75
597,49.70043201446512,138.75
598,49.800432014465116,140.75
599,49.90043201446512,139.5
600,50.00043201446512,129.5
601,50.10043201446512,142.5
602,50.20043201446512,124.25
603,50.300432014465116,131.25
604,50.40043201446512,145.5
605,50.50043201446512,144.25
606,50.60043201446511,143.0
607,50.700432014465115,147.0
608,50.800432014465116,148.0
609,50.90043201446512,150.25
610,51.00043201446512,137.25
611,51.10043201446511,144.5
612,51.200432014465115,149.0
613,51.300432014465116,153.0
614,51.40043201446511,155.75
615,51.50043201446511,147.25
616,51.60043201446511,148.0
617,51.700432014465115,151.5
618,51.800432014465116,146.75
619,51.90043201446511,149.75
620,52.00043201446511,152.5
621,52.10043201446511,146.0
622,52.20043201446511,139.75
623,52.30043201446511,144.75
624,52.40043201446511,146.25
625,52.50043201446511,132.5
626,52.60043201446511,136.5
627,52.70043201446511,145.0
628,52.80043201446511,135.25
629,52.90043201446511,134.0
630,53.000432014465105,148.75
631,53.100432014465106,139.5
632,53.20043201446511,138.0
633,53.30043201446511,143.5
634,53.40043201446511,135.25
635,53.500432014465105,132.75
636,53.600432014465106,141.75
637,53.70043201446511,129.5
638,53.8004320144651,151.5
639,53.9004320144651,155.0
640,54.000432014465105,172.25
641,54.1004320144651,204.75
642,54.20043201446511,218.0
643,54.3004320144651,252.75
644,54.40043201446511,208.5
645,54.500432014465105,177.75
646,54.6004320144651,186.25
647,54.70043201446511,172.25
648,54.8004320144651,152.0
649,54.900432014465096,156.75
650,55.000432014465105,160.0
651,55.1004320144651,160.5
652,55.20043201446509,157.0
653,55.3004320144651,147.75
654,55.400432014465096,141.0
655,55.500432014465105,142.75
656,55.6004320144651,133.0
657,55.70043201446509,138.0
658,55.8004320144651,132.75
659,55.900432014465096,149.0
660,56.000432014465105,137.25
661,56.1004320144651,142.5
662,56.20043201446509,136.0
663,56.3004320144651,136.75
664,56.400432014465096,137.75
665,56.50043201446509,146.0
666,56.6004320144651,129.5
667,56.70043201446509,133.5
668,56.80043201446509,143.75
669,56.900432014465096,139.5
670,57.00043201446509,137.75
671,57.1004320144651,130.5
672,57.20043201446509,141.75
673,57.30043201446509,129.25
674,57.400432014465096,136.25
675,57.50043201446509,143.5
676,57.6004320144651,133.25
677,57.70043201446509,136.25
678,57.80043201446509,140.5
679,57.900432014465096,135.0
680,58.00043201446509,149.0
681,58.100432014465085,127.25
682,58.20043201446509,134.75
683,58.30043201446509,126.0
684,58.40043201446508,143.0
685,58.50043201446509,129.75
686,58.600432014465085,133.0
687,58.70043201446509,121.75
688,58.80043201446509,136.25
689,58.90043201446508,124.25
690,59.00043201446509,132.0
691,59.100432014465085,123.75
692,59.20043201446509,139.25
693,59.30043201446509,130.75
694,59.40043201446508,134.5
695,59.50043201446509,144.25
696,59.600432014465085,118.0
697,59.70043201446508,144.0
698,59.80043201446509,124.25
699,59.90043201446508,132.25
700,60.000432014465076,136.75
701,60.100432014465085,123.5
702,60.20043201446508,139.25
703,60.30043201446509,132.25
704,60.40043201446508,126.75
705,60.500432014465076,124.5
706,60.600432014465085,141.75
707,60.70043201446508,136.75
708,60.80043201446509,132.75
709,60.90043201446508,134.5
710,61.000432014465076,136.25
711,61.100432014465085,142.5
712,61.20043201446508,136.25
713,61.30043201446507,121.5
714,61.40043201446508,121.75
715,61.500432014465076,131.0
716,61.60043201446507,129.5
717,61.70043201446508,120.0
718,61.80043201446507,135.25
719,61.90043201446508,132.0
720,62.000432014465076,141.0
721,62.10043201446507,130.5
722,62.20043201446508,124.75
723,62.30043201446507,129.5
724,62.40043201446508,136.0
725,62.500432014465076,134.25
726,62.60043201446507,133.75
727,62.70043201446508,136.25
728,62.80043201446507,134.5
729,62.90043201446507,127.75
730,63.000432014465076,112.75
731,63.10043201446507,127.0
732,63.200432014465065,134.75
733,63.30043201446507,132.25
734,63.40043201446507,129.25
735,63.500432014465076,138.25
736,63.60043201446507,132.75
737,63.700432014465065,129.5
738,63.80043201446507,126.25
739,63.90043201446507,130.25
740,64.00043201446508,127.5
741,64.10043201446507,123.5
742,64.20043201446506,133.0
743,64.30043201446507,129.0
744,64.40043201446507,132.75
745,64.50043201446506,120.25
746,64.60043201446507,135.0
747,64.70043201446506,124.25
748,64.80043201446506,137.5
749,64.90043201446507,128.75
750,65.00043201446506,133.75
751,65.10043201446507,126.25
752,65.20043201446506,120.25
753,65.30043201446506,138.25
754,65.40043201446507,137.75
755,65.50043201446506,125.25
756,65.60043201446507,124.75
757,65.70043201446506,134.25
758,65.80043201446506,132.25
759,65.90043201446507,137.75
760,66.00043201446506,133.75
761,66.10043201446506,131.25
762,66.20043201446506,120.5
763,66.30043201446506,123.5
764,66.40043201446505,130.5
765,66.50043201446506,130.75
766,66.60043201446506,133.5
767,66.70043201446506,123.75
768,66.80043201446506,120.5
769,66.90043201446505,126.5
770,67.00043201446506,134.0
771,67.10043201446506,124.0
772,67.20043201446506,132.5
773,67.30043201446506,141.0
774,67.40043201446505,129.0
775,67.50043201446506,127.25
776,67.60043201446506,123.75
777,67.70043201446505,133.75
778,67.80043201446506,125.0
779,67.90043201446505,134.5
780,68.00043201446505,129.75
781,68.10043201446506,136.75
782,68.20043201446505,128.5
783,68.30043201446506,130.5
784,68.40043201446505,127.25
785,68.50043201446505,130.25
786,68.60043201446506,143.0
787,68.70043201446505,136.0
788,68.80043201446506,135.75
789,68.90043201446505,131.75
790,69.00043201446505,136.0
791,69.10043201446506,129.75
792,69.20043201446505,133.5
793,69.30043201446504,130.75
794,69.40043201446505,136.75
795,69.50043201446505,138.25
796,69.60043201446504,137.25
797,69.70043201446505,135.75
798,69.80043201446504,132.75
799,69.90043201446505,141.0
800,70.00043201446505,121.25
801,70.10043201446504,122.0
802,70.20043201446505,124.25
803,70.30043201446504,120.25
804,70.40043201446505,128.25
805,70.50043201446505,134.5
806,70.60043201446504,138.5
807,70.70043201446505,137.75
808,70.80043201446504,132.0
809,70.90043201446504,127.5
810,71.00043201446505,123.5
811,71.10043201446504,126.75
812,71.20043201446504,142.0
813,71.30043201446504,134.75
814,71.40043201446504,121.75
815,71.50043201446505,129.75
816,71.60043201446504,144.5
817,71.70043201446504,131.25
818,71.80043201446504,131.25
819,71.90043201446504,129.75
820,72.00043201446505,135.25
821,72.10043201446504,132.0
822,72.20043201446504,130.75
823,72.30043201446504,122.0
824,72.40043201446504,132.0
825,72.50043201446503,139.25
826,72.60043201446504,117.5
827,72.70043201446504,131.75
828,72.80043201446503,123.25
829,72.90043201446504,123.5
830,73.00043201446503,120.0
831,73.10043201446504,129.0
832,73.20043201446504,128.25
833,73.30043201446503,132.25
834,73.40043201446504,131.25
835,73.50043201446503,126.5
836,73.60043201446504,125.25
837,73.70043201446504,129.75
838,73.80043201446503,123.25
839,73.90043201446504,123.75
840,74.00043201446503,146.5
841,74.10043201446503,135.5
842,74.20043201446504,136.5
843,74.30043201446503,128.5
844,74.40043201446503,124.5
845,74.50043201446503,132.25
846,74.60043201446503,129.5
847,74.70043201446504,128.75
848,74.80043201446503,122.5
849,74.90043201446503,123.0
850,75.00043201446503,127.0
851,75.10043201446503,134.0
852,75.20043201446504,127.25
853,75.30043201446503,129.0
854,75.40043201446503,119.75
855,75.50043201446503,122.0
856,75.60043201446503,127.0
857,75.70043201446502,124.5
858,75.80043201446503,126.0
859,75.90043201446503,124.75
860,76.00043201446502,136.75
861,76.10043201446503,120.5
862,76.20043201446502,140.25
863,76.30043201446503,125.25
864,76.40043201446503,125.75
865,76.50043201446502,136.25
866,76.60043201446503,125.0
867,76.70043201446502,139.0
868,76.80043201446503,125.25
869,76.90043201446503,124.75
870,77.00043201446502,122.5
871,77.10043201446503,122.75
872,77.20043201446502,136.5
873,77.30043201446502,134.5
874,77.40043201446503,126.5
875,77.50043201446502,128.5
876,77.60043201446501,128.25
877,77.70043201446502,140.0
878,77.80043201446502,129.5
879,77.90043201446503,121.5
880,78.00043201446502,123.0
881,78.10043201446501,129.75
882,78.20043201446502,128.75
883,78.30043201446502,124.75
884,78.40043201446503,128.5
885,78.50043201446502,134.0
886,78.60043201446501,126.0
887,78.70043201446502,133.5
888,78.80043201446502,134.25
889,78.90043201446501,125.0
890,79.00043201446502,132.75
891,79.10043201446501,131.25
892,79.20043201446501,129.25
893,79.30043201446502,122.5
894,79.40043201446501,127.25
895,79.50043201446502,128.25
896,79.60043201446501,123.5
897,79.70043201446501,121.75
898,79.80043201446502,120.0
899,79.90043201446501,127.75
900,80.00043201446502,121.0
901,80.10043201446501,132.5
902,80.20043201446501,129.5
903,80.30043201446502,129.25
904,80.40043201446501,129.75
905,80.500432014465,125.75
906,80.60043201446501,120.5
907,80.70043201446501,133.75
908,80.800432014465,131.25
909,80.90043201446501,125.75
910,81.000432014465,140.75
911,81.10043201446501,143.5
912,81.20043201446501,119.5
913,81.300432014465,132.0
914,81.40043201446501,117.0
915,81.500432014465,138.5
916,81.60043201446501,125.25
917,81.70043201446501,132.75
918,81.800432014465,136.0
919,81.90043201446501,119.0
920,82.000432014465,136.5
921,82.100432014465,138.0
922,82.20043201446501,132.5
923,82.300432014465,132.75
924,82.400432014465,124.0
925,82.500432014465,123.25
926,82.600432014465,127.25
927,82.70043201446501,124.75
928,82.800432014465,122.5
929,82.900432014465,131.5
930,83.000432014465,133.0
931,83.100432014465,129.75
932,83.20043201446501,126.5
933,83.300432014465,125.0
934,83.400432014465,125.0
935,83.500432014465,127.0
936,83.600432014465,132.5
937,83.700432014465,133.0
938,83.800432014465,128.25
939,83.900432014465,137.5
940,84.00043201446499,128.25
941,84.100432014465,132.75
942,84.200432014465,136.5
943,84.300432014465,139.25
944,84.400432014465,126.0
945,84.50043201446499,135.25
946,84.600432014465,127.5
947,84.700432014465,133.5
948,84.800432014465,124.5
949,84.900432014465,139.5
950,85.00043201446499,136.25
951,85.100432014465,137.5
952,85.200432014465,132.5
953,85.30043201446499,134.0
954,85.400432014465,129.0
955,85.50043201446499,148.0
956,85.60043201446499,139.25
957,85.700432014465,131.25
958,85.80043201446499,145.0
959,85.900432014465,135.25
960,86.00043201446499,140.75
961,86.10043201446499,141.0
962,86.200432014465,142.25
963,86.30043201446499,137.25
964,86.400432014465,148.75
965,86.50043201446499,143.25
966,86.60043201446499,153.75
967,86.700432014465,154.5
968,86.80043201446499,144.25
969,86.90043201446498,143.25
970,87.00043201446499,152.5
971,87.10043201446499,152.0
972,87.20043201446498,156.75
973,87.30043201446499,154.0
974,87.40043201446498,150.25
975,87.50043201446499,163.25
976,87.60043201446499,158.5
977,87.70043201446498,146.25
978,87.80043201446499,136.75
979,87.90043201446498,159.5
980,88.00043201446499,140.5
981,88.10043201446499,140.25
982,88.20043201446498,147.5
983,88.30043201446499,138.0
984,88.40043201446498,132.25
985,88.50043201446498,128.25
986,88.60043201446499,134.0
987,88.70043201446498,137.25
988,88.80043201446497,134.5
989,88.90043201446498,130.0
990,89.00043201446498,129.5
991,89.10043201446499,140.75
992,89.20043201446498,132.25
993,89.30043201446497,136.5
994,89.40043201446498,136.25
995,89.50043201446498,135.0
996,89.60043201446499,133.5
997,89.70043201446498,144.25
998,89.80043201446497,135.25
999,89.90043201446498,142.0
1000,90.00043201446498,138.0
1001,90.10043201446497,136.5
1002,90.20043201446498,139.5
1003,90.30043201446497,132.0
1004,90.40043201446497,144.0
1005,90.50043201446498,157.5
1006,90.60043201446497,163.5
1007,90.70043201446498,156.5
1008,90.80043201446497,166.25
1009,90.90043201446497,162.25
1010,91.00043201446498,173.5
1011,91.10043201446497,185.0
1012,91.20043201446498,179.75
1013,91.30043201446497,164.25
1014,91.40043201446497,168.75
1015,91.50043201446498,178.5
1016,91.60043201446497,193.25
1017,91.70043201446497,197.75
1018,91.80043201446497,231.25
1019,91.90043201446497,210.0
1020,92.00043201446496,208.25
1021,92.10043201446497,191.25
1022,92.20043201446497,173.0
1023,92.30043201446497,179.75
1024,92.40043201446497,167.5
1025,92.50043201446496,175.5
1026,92.60043201446497,158.75
1027,92.70043201446497,154.75
1028,92.80043201446497,161.0
1029,92.90043201446497,154.0
1030,93.00043201446496,153.0
1031,93.10043201446497,153.0
1032,93.20043201446497,142.25
1033,93.30043201446496,143.0
1034,93.40043201446497,154.25
1035,93.50043201446496,150.0
1036,93.60043201446496,149.0
1037,93.70043201446497,135.75
1038,93.80043201446496,140.0
1039,93.90043201446497,134.25
1040,94.00043201446496,141.5
1041,94.10043201446496,145.75
1042,94.20043201446497,134.5
1043,94.30043201446496,133.5
1044,94.40043201446497,133.5
1045,94.50043201446496,133.75
1046,94.60043201446496,131.25
1047,94.70043201446497,145.5
1048,94.80043201446496,134.25
1049,94.90043201446495,126.75
1050,95.00043201446496,121.0
1051,95.10043201446496,130.25
1052,95.20043201446495,136.0
1053,95.30043201446496,135.25
1054,95.40043201446495,142.75
1055,95.50043201446496,142.75
1056,95.60043201446496,124.0
1057,95.70043201446495,130.0
1058,95.80043201446496,138.5
1059,95.90043201446495,133.25
1060,96.00043201446496,131.5
1061,96.10043201446496,132.75
1062,96.20043201446495,137.25
1063,96.30043201446496,137.0
1064,96.40043201446495,135.25
1065,96.50043201446495,134.5
1066,96.60043201446496,130.75
1067,96.70043201446495,144.5
1068,96.80043201446495,129.5
1069,96.90043201446495,132.0
1070,97.00043201446495,130.5
1071,97.10043201446496,128.25
1072,97.20043201446495,135.75
1073,97.30043201446495,129.0
1074,97.40043201446495,131.0
1075,97.50043201446495,131.75
1076,97.60043201446496,121.75
1077,97.70043201446495,137.25
1078,97.80043201446495,131.75
1079,97.90043201446495,124.75
1080,98.00043201446495,128.75
1081,98.10043201446494,127.25
1082,98.20043201446495,141.5
1083,98.30043201446495,137.25
1084,98.40043201446494,136.25
1085,98.50043201446495,132.0
1086,98.60043201446494,122.0
1087,98.70043201446495,128.75
1088,98.80043201446495,135.5
1089,98.90043201446494,121.75
1090,99.00043201446495,143.25
1091,99.10043201446494,138.25
1092,99.20043201446495,125.25
1093,99.30043201446495,120.25
1094,99.40043201446494,134.0
1095,99.50043201446495,130.5
1096,99.60043201446494,122.5
1097,99.70043201446494,123.75
1098,99.80043201446495,121.75
1099,99.90043201446494,126.25
