,Start,Stop,Duration,Midpoint,Counts
0,-9.775723695755005,-8.775723695755005,1.0,-9.275723695755005,9
1,-8.775723695755005,-7.775723695755005,1.0,-8.275723695755005,1
2,-7.775723695755005,-6.775723695755005,1.0,-7.275723695755005,7
3,-6.775723695755005,-5.775723695755005,1.0,-6.275723695755005,12
4,-5.775723695755005,-4.775723695755005,1.0,-5.275723695755005,14
5,-4.775723695755005,-3.775723695755005,1.0,-4.275723695755005,6
6,-3.775723695755005,-2.775723695755005,1.0,-3.275723695755005,9
7,-2.775723695755005,-1.7757236957550049,1.0,-2.275723695755005,4
8,-1.7757236957550049,-0.7757236957550049,1.0,-1.2757236957550049,9
9,-0.7757236957550049,0.22427630424499512,1.0,-0.2757236957550049,10
10,0.22427630424499512,1.2242763042449951,1.0,0.7242763042449951,13
11,1.2242763042449951,2.224276304244995,1.0,1.7242763042449951,6
12,2.224276304244995,3.224276304244995,1.0,2.724276304244995,5
13,3.224276304244995,4.224276304244995,1.0,3.724276304244995,10
14,4.224276304244995,5.224276304244995,1.0,4.724276304244995,5
15,5.224276304244995,6.224276304244995,1.0,5.724276304244995,21
16,6.224276304244995,7.224276304244995,1.0,6.724276304244995,54
17,7.224276304244995,8.224276304244995,1.0,7.724276304244995,94
18,8.224276304244995,9.224276304244995,1.0,8.724276304244995,95
19,9.224276304244995,10.224276304244995,1.0,9.724276304244995,102
20,10.224276304244995,11.224276304244995,1.0,10.724276304244995,66
21,11.224276304244995,12.224276304244995,1.0,11.724276304244995,77
22,12.224276304244995,13.224276304244995,1.0,12.724276304244995,77
23,13.224276304244995,14.224276304244995,1.0,13.724276304244995,54
24,14.224276304244995,15.224276304244995,1.0,14.724276304244995,43
25,15.224276304244995,16.224276304244995,1.0,15.724276304244995,48
26,16.224276304244995,17.224276304244995,1.0,16.724276304244995,30
27,17.224276304244995,18.224276304244995,1.0,17.724276304244995,40
28,18.224276304244995,19.224276304244995,1.0,18.724276304244995,32
29,19.224276304244995,20.224276304244995,1.0,19.724276304244995,42
30,20.224276304244995,21.224276304244995,1.0,20.724276304244995,28
31,21.224276304244995,22.224276304244995,1.0,21.724276304244995,18
32,22.224276304244995,23.224276304244995,1.0,22.724276304244995,26
33,23.224276304244995,24.224276304244995,1.0,23.724276304244995,22
34,24.224276304244995,25.224276304244995,1.0,24.724276304244995,18
35,25.224276304244995,26.224276304244995,1.0,25.724276304244995,20
36,26.224276304244995,27.224276304244995,1.0,26.724276304244995,19
37,27.224276304244995,28.224276304244995,1.0,27.724276304244995,6
38,28.224276304244995,29.224276304244995,1.0,28.724276304244995,15
39,29.224276304244995,30.224276304244995,1.0,29.724276304244995,11
40,30.224276304244995,31.224276304244995,1.0,30.724276304244995,12
41,31.224276304244995,32.224276304244995,1.0,31.724276304244995,7
42,32.224276304244995,33.224276304244995,1.0,32.724276304244995,11
43,33.224276304244995,34.224276304244995,1.0,33.724276304244995,10
44,34.224276304244995,35.224276304244995,1.0,34.724276304244995,6
45,35.224276304244995,36.224276304244995,1.0,35.724276304244995,11
46,36.224276304244995,37.224276304244995,1.0,36.724276304244995,14
47,37.224276304244995,38.224276304244995,1.0,37.724276304244995,12
48,38.224276304244995,39.224276304244995,1.0,38.724276304244995,14
49,39.224276304244995,40.224276304244995,1.0,39.724276304244995,12
50,40.224276304244995,41.224276304244995,1.0,40.724276304244995,8
51,41.224276304244995,42.224276304244995,1.0,41.724276304244995,15
52,42.224276304244995,43.224276304244995,1.0,42.724276304244995,7
53,43.224276304244995,44.224276304244995,1.0,43.724276304244995,6
54,44.224276304244995,45.224276304244995,1.0,44.724276304244995,11
55,45.224276304244995,46.224276304244995,1.0,45.724276304244995,11
56,46.224276304244995,47.224276304244995,1.0,46.724276304244995,12
57,47.224276304244995,48.224276304244995,1.0,47.724276304244995,7
58,48.224276304244995,49.224276304244995,1.0,48.724276304244995,16
59,49.224276304244995,50.224276304244995,1.0,49.724276304244995,14
60,50.224276304244995,51.224276304244995,1.0,50.724276304244995,8
61,51.224276304244995,52.224276304244995,1.0,51.724276304244995,10
62,52.224276304244995,53.224276304244995,1.0,52.724276304244995,8
63,53.224276304244995,54.224276304244995,1.0,53.724276304244995,11
64,54.224276304244995,55.224276304244995,1.0,54.724276304244995,13
65,55.224276304244995,56.224276304244995,1.0,55.724276304244995,14
66,56.224276304244995,57.224276304244995,1.0,56.724276304244995,9
67,57.224276304244995,58.224276304244995,1.0,57.724276304244995,6
68,58.224276304244995,59.224276304244995,1.0,58.724276304244995,12
69,59.224276304244995,60.224276304244995,1.0,59.724276304244995,12
70,60.224276304244995,61.224276304244995,1.0,60.724276304244995,13
71,61.224276304244995,62.224276304244995,1.0,61.724276304244995,6
72,62.224276304244995,63.224276304244995,1.0,62.724276304244995,7
73,63.224276304244995,64.224276304245,1.0,63.724276304244995,7
74,64.224276304245,65.224276304245,1.0,64.724276304245,5
75,65.224276304245,66.224276304245,1.0,65.724276304245,10
76,66.224276304245,67.224276304245,1.0,66.724276304245,7
77,67.224276304245,68.224276304245,1.0,67.724276304245,10
78,68.224276304245,69.224276304245,1.0,68.724276304245,11
79,69.224276304245,70.224276304245,1.0,69.724276304245,7
80,70.224276304245,71.224276304245,1.0,70.724276304245,6
81,71.224276304245,72.224276304245,1.0,71.724276304245,9
82,72.224276304245,73.224276304245,1.0,72.724276304245,13
83,73.224276304245,74.224276304245,1.0,73.724276304245,14
84,74.224276304245,75.224276304245,1.0,74.724276304245,7
85,75.224276304245,76.224276304245,1.0,75.724276304245,8
86,76.224276304245,77.224276304245,1.0,76.724276304245,6
87,77.224276304245,78.224276304245,1.0,77.724276304245,10
88,78.224276304245,79.224276304245,1.0,78.724276304245,8
89,79.224276304245,80.224276304245,1.0,79.724276304245,8
90,80.224276304245,81.224276304245,1.0,80.724276304245,10
91,81.224276304245,82.224276304245,1.0,81.724276304245,13
92,82.224276304245,83.224276304245,1.0,82.724276304245,9
93,83.224276304245,84.224276304245,1.0,83.724276304245,10
94,84.224276304245,85.224276304245,1.0,84.724276304245,7
95,85.224276304245,86.224276304245,1.0,85.724276304245,6
96,86.224276304245,87.224276304245,1.0,86.724276304245,10
97,87.224276304245,88.224276304245,1.0,87.724276304245,12
98,88.224276304245,89.224276304245,1.0,88.724276304245,5
99,89.224276304245,90.224276304245,1.0,89.724276304245,10
100,90.224276304245,91.224276304245,1.0,90.724276304245,12
101,91.224276304245,92.224276304245,1.0,91.724276304245,9
102,92.224276304245,93.224276304245,1.0,92.724276304245,10
103,93.224276304245,94.224276304245,1.0,93.724276304245,6
104,94.224276304245,95.224276304245,1.0,94.724276304245,4
105,95.224276304245,96.224276304245,1.0,95.724276304245,7
106,96.224276304245,97.224276304245,1.0,96.724276304245,13
107,97.224276304245,98.224276304245,1.0,97.724276304245,14
108,98.224276304245,99.224276304245,1.0,98.724276304245,6
109,99.224276304245,100.224276304245,1.0,99.724276304245,6
