,Start,Stop,Duration,Midpoint,Counts
0,-19.968251645565033,-18.968251645565033,1.0,-19.468251645565033,8
1,-18.968251645565033,-17.968251645565033,1.0,-18.468251645565033,12
2,-17.968251645565033,-16.968251645565033,1.0,-17.468251645565033,10
3,-16.968251645565033,-15.968251645565033,1.0,-16.468251645565033,14
4,-15.968251645565033,-14.968251645565033,1.0,-15.468251645565033,11
5,-14.968251645565033,-13.968251645565033,1.0,-14.468251645565033,9
6,-13.968251645565033,-12.968251645565033,1.0,-13.468251645565033,11
7,-12.968251645565033,-11.968251645565033,1.0,-12.468251645565033,11
8,-11.968251645565033,-10.968251645565033,1.0,-11.468251645565033,15
9,-10.968251645565033,-9.968251645565033,1.0,-10.468251645565033,10
10,-9.968251645565033,-8.968251645565033,1.0,-9.468251645565033,7
11,-8.968251645565033,-7.968251645565033,1.0,-8.468251645565033,17
12,-7.968251645565033,-6.968251645565033,1.0,-7.468251645565033,14
13,-6.968251645565033,-5.968251645565033,1.0,-6.468251645565033,11
14,-5.968251645565033,-4.968251645565033,1.0,-5.468251645565033,14
15,-4.968251645565033,-3.968251645565033,1.0,-4.468251645565033,11
16,-3.968251645565033,-2.968251645565033,1.0,-3.468251645565033,9
17,-2.968251645565033,-1.968251645565033,1.0,-2.468251645565033,15
18,-1.968251645565033,-0.968251645565033,1.0,-1.468251645565033,13
19,-0.968251645565033,0.03174835443496704,1.0,-0.46825164556503296,9
20,0.03174835443496704,1.031748354434967,1.0,0.531748354434967,12
21,1.031748354434967,2.031748354434967,1.0,1.531748354434967,15
22,2.031748354434967,3.031748354434967,1.0,2.531748354434967,9
23,3.031748354434967,4.031748354434967,1.0,3.531748354434967,12
24,4.031748354434967,5.031748354434967,1.0,4.531748354434967,14
25,5.031748354434967,6.031748354434967,1.0,5.531748354434967,9
26,6.031748354434967,7.031748354434967,1.0,6.531748354434967,11
27,7.031748354434967,8.031748354434967,1.0,7.531748354434967,18
28,8.031748354434967,9.031748354434967,1.0,8.531748354434967,19
29,9.031748354434967,10.031748354434967,1.0,9.531748354434967,13
30,10.031748354434967,11.031748354434967,1.0,10.531748354434967,7
31,11.031748354434967,12.031748354434967,1.0,11.531748354434967,11
32,12.031748354434967,13.031748354434967,1.0,12.531748354434967,14
33,13.031748354434967,14.031748354434967,1.0,13.531748354434967,20
34,14.031748354434967,15.031748354434967,1.0,14.531748354434967,6
35,15.031748354434967,16.031748354434967,1.0,15.531748354434967,10
36,16.031748354434967,17.031748354434967,1.0,16.531748354434967,3
37,17.031748354434967,18.031748354434967,1.0,17.531748354434967,12
38,18.031748354434967,19.031748354434967,1.0,18.531748354434967,8
39,19.031748354434967,20.031748354434967,1.0,19.531748354434967,10
40,20.031748354434967,21.031748354434967,1.0,20.531748354434967,10
41,21.031748354434967,22.031748354434967,1.0,21.531748354434967,14
42,22.031748354434967,23.031748354434967,1.0,22.531748354434967,13
43,23.031748354434967,24.031748354434967,1.0,23.531748354434967,12
44,24.031748354434967,25.031748354434967,1.0,24.531748354434967,10
45,25.031748354434967,26.031748354434967,1.0,25.531748354434967,10
46,26.031748354434967,27.031748354434967,1.0,26.531748354434967,13
47,27.031748354434967,28.031748354434967,1.0,27.531748354434967,18
48,28.031748354434967,29.031748354434967,1.0,28.531748354434967,9
49,29.031748354434967,30.031748354434967,1.0,29.531748354434967,15
50,30.031748354434967,31.031748354434967,1.0,30.531748354434967,6
51,31.031748354434967,32.03174835443497,1.0,31.531748354434967,6
52,32.03174835443497,33.03174835443497,1.0,32.53174835443497,16
53,33.03174835443497,34.03174835443497,1.0,33.53174835443497,15
54,34.03174835443497,35.03174835443497,1.0,34.53174835443497,12
55,35.03174835443497,36.03174835443497,1.0,35.53174835443497,5
56,36.03174835443497,37.03174835443497,1.0,36.53174835443497,13
57,37.03174835443497,38.03174835443497,1.0,37.53174835443497,14
58,38.03174835443497,39.03174835443497,1.0,38.53174835443497,12
59,39.03174835443497,40.03174835443497,1.0,39.53174835443497,16
60,40.03174835443497,41.03174835443497,1.0,40.53174835443497,12
61,41.03174835443497,42.03174835443497,1.0,41.53174835443497,9
62,42.03174835443497,43.03174835443497,1.0,42.53174835443497,14
63,43.03174835443497,44.03174835443497,1.0,43.53174835443497,10
64,44.03174835443497,45.03174835443497,1.0,44.53174835443497,10
65,45.03174835443497,46.03174835443497,1.0,45.53174835443497,11
66,46.03174835443497,47.03174835443497,1.0,46.53174835443497,12
67,47.03174835443497,48.03174835443497,1.0,47.53174835443497,16
68,48.03174835443497,49.03174835443497,1.0,48.53174835443497,15
69,49.03174835443497,50.03174835443497,1.0,49.53174835443497,6
70,50.03174835443497,51.03174835443497,1.0,50.53174835443497,7
71,51.03174835443497,52.03174835443497,1.0,51.53174835443497,13
72,52.03174835443497,53.03174835443497,1.0,52.53174835443497,10
73,53.03174835443497,54.03174835443497,1.0,53.53174835443497,13
74,54.03174835443497,55.03174835443497,1.0,54.53174835443497,11
75,55.03174835443497,56.03174835443497,1.0,55.53174835443497,11
76,56.03174835443497,57.03174835443497,1.0,56.53174835443497,5
77,57.03174835443497,58.03174835443497,1.0,57.53174835443497,9
78,58.03174835443497,59.03174835443497,1.0,58.53174835443497,9
79,59.03174835443497,60.03174835443497,1.0,59.53174835443497,9
80,60.03174835443497,61.03174835443497,1.0,60.53174835443497,8
81,61.03174835443497,62.03174835443497,1.0,61.53174835443497,7
82,62.03174835443497,63.03174835443497,1.0,62.53174835443497,9
83,63.03174835443497,64.03174835443497,1.0,63.53174835443497,4
84,64.03174835443497,65.03174835443497,1.0,64.53174835443497,10
85,65.03174835443497,66.03174835443497,1.0,65.53174835443497,11
86,66.03174835443497,67.03174835443497,1.0,66.53174835443497,7
87,67.03174835443497,68.03174835443497,1.0,67.53174835443497,7
88,68.03174835443497,69.03174835443497,1.0,68.53174835443497,11
89,69.03174835443497,70.03174835443497,1.0,69.53174835443497,11
90,70.03174835443497,71.03174835443497,1.0,70.53174835443497,13
91,71.03174835443497,72.03174835443497,1.0,71.53174835443497,11
92,72.03174835443497,73.03174835443497,1.0,72.53174835443497,11
93,73.03174835443497,74.03174835443497,1.0,73.53174835443497,7
94,74.03174835443497,75.03174835443497,1.0,74.53174835443497,5
95,75.03174835443497,76.03174835443497,1.0,75.53174835443497,14
96,76.03174835443497,77.03174835443497,1.0,76.53174835443497,11
97,77.03174835443497,78.03174835443497,1.0,77.53174835443497,12
98,78.03174835443497,79.03174835443497,1.0,78.53174835443497,14
99,79.03174835443497,80.03174835443497,1.0,79.53174835443497,6
