,Start,Stop,Duration,Midpoint,Counts
0,-9.97557258605957,-8.97557258605957,1.0,-9.47557258605957,8
1,-8.97557258605957,-7.97557258605957,1.0,-8.47557258605957,6
2,-7.97557258605957,-6.97557258605957,1.0,-7.47557258605957,10
3,-6.97557258605957,-5.97557258605957,1.0,-6.47557258605957,12
4,-5.97557258605957,-4.97557258605957,1.0,-5.47557258605957,11
5,-4.97557258605957,-3.9755725860595703,1.0,-4.47557258605957,7
6,-3.9755725860595703,-2.9755725860595703,1.0,-3.4755725860595703,8
7,-2.9755725860595703,-1.9755725860595703,1.0,-2.4755725860595703,15
8,-1.9755725860595703,-0.9755725860595703,1.0,-1.4755725860595703,11
9,-0.9755725860595703,0.024427413940429688,1.0,-0.4755725860595703,5
10,0.024427413940429688,1.0244274139404297,1.0,0.5244274139404297,7
11,1.0244274139404297,2.0244274139404297,1.0,1.5244274139404297,12
12,2.0244274139404297,3.0244274139404297,1.0,2.5244274139404297,12
13,3.0244274139404297,4.02442741394043,1.0,3.5244274139404297,9
14,4.02442741394043,5.02442741394043,1.0,4.52442741394043,9
15,5.02442741394043,6.02442741394043,1.0,5.52442741394043,11
16,6.02442741394043,7.02442741394043,1.0,6.52442741394043,10
17,7.02442741394043,8.02442741394043,1.0,7.52442741394043,9
18,8.02442741394043,9.02442741394043,1.0,8.52442741394043,8
19,9.02442741394043,10.02442741394043,1.0,9.52442741394043,4
20,10.02442741394043,11.02442741394043,1.0,10.52442741394043,6
21,11.02442741394043,12.02442741394043,1.0,11.52442741394043,10
22,12.02442741394043,13.02442741394043,1.0,12.52442741394043,3
23,13.02442741394043,14.02442741394043,1.0,13.52442741394043,10
24,14.02442741394043,15.02442741394043,1.0,14.52442741394043,10
25,15.02442741394043,16.02442741394043,1.0,15.52442741394043,13
26,16.02442741394043,17.02442741394043,1.0,16.52442741394043,8
27,17.02442741394043,18.02442741394043,1.0,17.52442741394043,6
28,18.02442741394043,19.02442741394043,1.0,18.52442741394043,12
29,19.02442741394043,20.02442741394043,1.0,19.52442741394043,11
30,20.02442741394043,21.02442741394043,1.0,20.52442741394043,8
31,21.02442741394043,22.02442741394043,1.0,21.52442741394043,9
32,22.02442741394043,23.02442741394043,1.0,22.52442741394043,5
33,23.02442741394043,24.02442741394043,1.0,23.52442741394043,9
34,24.02442741394043,25.02442741394043,1.0,24.52442741394043,13
35,25.02442741394043,26.02442741394043,1.0,25.52442741394043,23
36,26.02442741394043,27.02442741394043,1.0,26.52442741394043,15
37,27.02442741394043,28.02442741394043,1.0,27.52442741394043,13
38,28.02442741394043,29.02442741394043,1.0,28.52442741394043,39
39,29.02442741394043,30.02442741394043,1.0,29.52442741394043,44
40,30.02442741394043,31.02442741394043,1.0,30.52442741394043,40
41,31.02442741394043,32.02442741394043,1.0,31.52442741394043,26
42,32.02442741394043,33.02442741394043,1.0,32.52442741394043,15
43,33.02442741394043,34.02442741394043,1.0,33.52442741394043,26
44,34.02442741394043,35.02442741394043,1.0,34.52442741394043,15
45,35.02442741394043,36.02442741394043,1.0,35.52442741394043,6
46,36.02442741394043,37.02442741394043,1.0,36.52442741394043,10
47,37.02442741394043,38.02442741394043,1.0,37.52442741394043,14
48,38.02442741394043,39.02442741394043,1.0,38.52442741394043,10
49,39.02442741394043,40.02442741394043,1.0,39.52442741394043,8
50,40.02442741394043,41.02442741394043,1.0,40.52442741394043,7
51,41.02442741394043,42.02442741394043,1.0,41.52442741394043,10
52,42.02442741394043,43.02442741394043,1.0,42.52442741394043,7
53,43.02442741394043,44.02442741394043,1.0,43.52442741394043,11
54,44.02442741394043,45.02442741394043,1.0,44.52442741394043,7
55,45.02442741394043,46.02442741394043,1.0,45.52442741394043,7
56,46.02442741394043,47.02442741394043,1.0,46.52442741394043,15
57,47.02442741394043,48.02442741394043,1.0,47.52442741394043,11
58,48.02442741394043,49.02442741394043,1.0,48.52442741394043,8
59,49.02442741394043,50.02442741394043,1.0,49.52442741394043,7
60,50.02442741394043,51.02442741394043,1.0,50.52442741394043,6
61,51.02442741394043,52.02442741394043,1.0,51.52442741394043,9
62,52.02442741394043,53.02442741394043,1.0,52.52442741394043,9
63,53.02442741394043,54.02442741394043,1.0,53.52442741394043,12
64,54.02442741394043,55.02442741394043,1.0,54.52442741394043,10
65,55.02442741394043,56.02442741394043,1.0,55.52442741394043,13
66,56.02442741394043,57.02442741394043,1.0,56.52442741394043,13
67,57.02442741394043,58.02442741394043,1.0,57.52442741394043,6
68,58.02442741394043,59.02442741394043,1.0,58.52442741394043,10
69,59.02442741394043,60.02442741394043,1.0,59.52442741394043,12
70,60.02442741394043,61.02442741394043,1.0,60.52442741394043,4
71,61.02442741394043,62.02442741394043,1.0,61.52442741394043,8
72,62.02442741394043,63.02442741394043,1.0,62.52442741394043,6
73,63.02442741394043,64.02442741394043,1.0,63.52442741394043,7
74,64.02442741394043,65.02442741394043,1.0,64.52442741394043,5
75,65.02442741394043,66.02442741394043,1.0,65.52442741394043,8
76,66.02442741394043,67.02442741394043,1.0,66.52442741394043,8
77,67.02442741394043,68.02442741394043,1.0,67.52442741394043,5
78,68.02442741394043,69.02442741394043,1.0,68.52442741394043,8
79,69.02442741394043,70.02442741394043,1.0,69.52442741394043,4
80,70.02442741394043,71.02442741394043,1.0,70.52442741394043,10
81,71.02442741394043,72.02442741394043,1.0,71.52442741394043,6
82,72.02442741394043,73.02442741394043,1.0,72.52442741394043,6
83,73.02442741394043,74.02442741394043,1.0,73.52442741394043,4
84,74.02442741394043,75.02442741394043,1.0,74.52442741394043,4
85,75.02442741394043,76.02442741394043,1.0,75.52442741394043,8
86,76.02442741394043,77.02442741394043,1.0,76.52442741394043,3
87,77.02442741394043,78.02442741394043,1.0,77.52442741394043,3
88,78.02442741394043,79.02442741394043,1.0,78.52442741394043,8
89,79.02442741394043,80.02442741394043,1.0,79.52442741394043,5
90,80.02442741394043,81.02442741394043,1.0,80.52442741394043,8
91,81.02442741394043,82.02442741394043,1.0,81.52442741394043,11
92,82.02442741394043,83.02442741394043,1.0,82.52442741394043,14
93,83.02442741394043,84.02442741394043,1.0,83.52442741394043,9
94,84.02442741394043,85.02442741394043,1.0,84.52442741394043,10
95,85.02442741394043,86.02442741394043,1.0,85.52442741394043,10
96,86.02442741394043,87.02442741394043,1.0,86.52442741394043,5
97,87.02442741394043,88.02442741394043,1.0,87.52442741394043,13
98,88.02442741394043,89.02442741394043,1.0,88.52442741394043,8
99,89.02442741394043,90.02442741394043,1.0,89.52442741394043,5
100,90.02442741394043,91.02442741394043,1.0,90.52442741394043,9
101,91.02442741394043,92.02442741394043,1.0,91.52442741394043,11
102,92.02442741394043,93.02442741394043,1.0,92.52442741394043,9
103,93.02442741394043,94.02442741394043,1.0,93.52442741394043,13
104,94.02442741394043,95.02442741394043,1.0,94.52442741394043,4
105,95.02442741394043,96.02442741394043,1.0,95.52442741394043,7
106,96.02442741394043,97.02442741394043,1.0,96.52442741394043,7
107,97.02442741394043,98.02442741394043,1.0,97.52442741394043,7
108,98.02442741394043,99.02442741394043,1.0,98.52442741394043,7
109,99.02442741394043,100.02442741394043,1.0,99.52442741394043,7
