

Results from heasarc_fermilgrb: Fermi LAT Second Gamma-Ray Burst Catalog
Coordinate system:  Equatorial
|name        |time                   |ra        |dec      |error_radius|lle_bbbd_sig|lle_t90 |tl100      |tl100_error|like_best_ts|like_lat_t0|like_lat_t1|like_lat_flux|like_lat_flux_error|like_lat_flux_ene|like_lat_flux_ene_error|like_gbm_t0|like_gbm_t1|like_gbm_flux|like_gbm_flux_error|like_gbm_flux_ene|like_gbm_flux_ene_error|
|GRB140323433|2014-03-23 10:22:53.003|23 46 04.8|-79 55 12|      0.1800|      0.0000| 0.00000|  488.82001|  147.83501| 3.97820e+01|  226.80000|  715.62000|  4.81799e-06|        0.00000e+00|      5.33761e-09|            0.00000e+00|    0.00000|    0.00000|  0.00000e+00|        0.00000e+00|      0.00000e+00|            0.00000e+00|
|GRB190731943|2019-07-31 22:38:23.004|22 41 14.4|-76 25 12|      0.3100|     17.0000| 6.35400|  275.67999|   22.22500| 1.77926e+02|    0.06000|  275.73999|  1.80898e-05|        3.88838e-06|      1.72243e-08|            8.56787e-09|    1.79200|   17.66400|  8.08939e-05|        3.35793e-05|      2.46499e-08|            1.23905e-08|
|GRB160325291|2016-03-25 06:59:21.002|01 04 50.4|-72 39 36|      0.2400|      6.5000| 0.20300| 1550.73999|  458.35501| 9.72241e+01|    4.98000| 1555.71997|  4.76900e-06|        9.95543e-07|      2.40535e-09|            7.34550e-10|    2.04800|   44.99300|  2.71042e-05|        0.00000e+00|      3.00274e-08|            0.00000e+00|
|GRB201104001|2020-11-04 00:00:55.996|05 25 28.8|-71 07 48|      0.2400|      8.0000| 7.22900|   76.29000|    0.93500| 4.11988e+02|    0.26000|   76.55000|  3.76102e-04|        5.87922e-05|      1.73551e-07|            4.11086e-08|    0.00000|   52.48000|  4.29624e-04|        6.82292e-05|      2.06446e-07|            5.22106e-08|
|GRB171212434|2017-12-12 10:24:18.003|02 37 40.8|-70 37 48|      0.4300|      0.0000| 0.00000|  380.35001|  128.72501| 2.55044e+01|  116.62000|  496.97000|  3.81207e-06|        0.00000e+00|      4.22320e-09|            0.00000e+00|    0.00000|    0.00000|  0.00000e+00|        0.00000e+00|      0.00000e+00|            0.00000e+00|
|GRB120107384|2012-01-07 09:12:14.996|16 20 02.4|-70 35 24|      0.3400|      0.0000| 0.00000|   47.51000|   12.69500| 5.32877e+01|    1.28000|   48.79000|  3.71005e-05|        1.69551e-05|      5.01006e-08|            4.57445e-08|    0.06400|   23.10400|  7.81903e-05|        2.97993e-05|      4.35573e-08|            3.02970e-08|
|GRB130327350|2013-03-27 08:24:04.000|14 33 02.4|-69 45 36|      0.2100|      0.0000| 0.00000|  515.16998|   11.57000| 3.27622e+02|    8.00000|  523.16998|  1.60244e-05|        2.48234e-06|      3.38163e-08|            1.41296e-08|    2.04800|   33.28000|  6.63810e-05|        2.23725e-05|      1.10294e-07|            8.79865e-08|
|GRB150902733|2015-09-02 17:35:39.002|14 19 48.0|-69 22 48|      0.1800|     21.0000| 9.59500|  405.17999|    1.74500| 2.11541e+02|    3.49000|  408.67001|  2.40948e-05|        4.10334e-06|      1.42070e-08|            4.10831e-09|    3.84000|   17.40800|  3.66060e-04|        8.30101e-05|      1.13528e-07|            3.56229e-08|
|GRB210520797|2021-05-20 19:07:01.998|08 13 48.0|-69 13 12|      0.8700|      0.0000| 0.00000|    6.33000|    0.47500| 1.25185e+02|    1.34000|    7.67000|  3.32368e-04|        9.72459e-05|      1.24490e-07|            5.37976e-08|    0.25600|   56.32100|  4.69537e-05|        1.24653e-05|      1.91521e-08|            7.98694e-09|
|GRB180703876|2018-07-03 21:01:39.999|00 26 14.4|-67 06 00|      0.3300|     18.0000| 7.11700| 1610.12000|   81.95000| 5.39861e+01|    3.84000| 1613.95996|  3.10009e-06|        9.26452e-07|      1.48076e-09|            5.74929e-10|    1.53600|   22.27200|  5.44033e-05|        2.93517e-05|      1.45953e-08|            9.71274e-09|
|GRB141221897|2014-12-21 21:31:47.997|06 36 28.8|-66 54 00|      0.3300|      0.0000| 0.00000|   36.30000|    6.74000| 4.14874e+01|   22.17000|   58.47000|  2.08470e-05|        1.10124e-05|      7.15119e-08|            8.29910e-08|   -1.28000|   31.23300|  3.39071e-05|        0.00000e+00|      3.75639e-08|            0.00000e+00|
|GRB180113418|2018-01-13 10:02:04.998|11 38 31.2|-64 44 24|      1.0000|     40.0000|23.69300|    0.00000| -666.00000| 0.00000e+00|    0.00000|    0.00000|  0.00000e+00|        0.00000e+00|      0.00000e+00|            0.00000e+00|    0.00000|    0.00000|  0.00000e+00|        0.00000e+00|      0.00000e+00|            0.00000e+00|
|GRB170127067|2017-01-27 01:35:47.000|22 35 55.2|-63 58 12|      0.5200|      0.0000| 0.00000| 2224.23999|   45.69000| 3.59158e+01|  664.76001| 2889.00000|  1.21421e-06|        3.86321e-07|      4.02101e-10|            1.50165e-10|    0.00000|    0.00000|  0.00000e+00|        0.00000e+00|      0.00000e+00|            0.00000e+00|
|GRB200803149|2020-08-03 03:34:25.997|20 45 09.6|-63 04 48|      0.4600|      0.0000| 0.00000|  212.48000|    8.25500| 3.68221e+01|   26.00000|  238.48000|  7.12115e-06|        3.01412e-06|      7.43519e-09|            6.40577e-09|    2.30400|  120.57800|  1.28580e-05|        0.00000e+00|      1.42447e-08|            0.00000e+00|
|GRB081006604|2008-10-06 14:29:33.996|09 00 00.0|-61 57 00|      0.3800|      0.0000| 0.00000|   61.49000|   18.52500| 1.11606e+02|    0.78000|   62.27000|  3.33584e-05|        9.59503e-06|      3.39404e-08|            2.23871e-08|   -0.25600|    6.14400|  2.06785e-04|        7.40586e-05|      1.49303e-07|            1.13347e-07|
|GRB100225115|2010-02-25 02:45:30.997|20 47 43.2|-60 30 36|      0.3400|     10.0000| 6.99200| 1005.82001|   17.66500| 4.65630e+01|    6.62000| 1012.44000|  2.20804e-06|        9.01780e-07|      1.65446e-09|            1.11908e-09|   -0.25600|   12.73600|  1.81642e-04|        7.13622e-05|      4.57239e-08|            1.90699e-08|
|GRB200219317|2020-02-19 07:36:49.000|22 51 31.2|-60 12 00|      0.2900|      7.3000| 0.21300|    1.00000|    0.50500| 3.03474e+01|    0.00000|    0.00000|  0.00000e+00|        0.00000e+00|      0.00000e+00|            0.00000e+00|    0.00000|    0.00000|  0.00000e+00|        0.00000e+00|      0.00000e+00|            0.00000e+00|
|GRB140528837|2014-05-28 20:05:22.001|18 42 21.6|-59 27 36|      0.3600|      0.0000| 0.00000| 1296.77002|  313.43500| 3.58742e+01|   81.13000| 1377.90002|  1.91321e-06|        7.33264e-07|      2.16737e-09|            1.46048e-09|    0.00000|    0.00000|  0.00000e+00|        0.00000e+00|      0.00000e+00|            0.00000e+00|
|GRB160422499|2016-04-22 11:59:00.004|02 48 12.0|-57 54 00|      0.1000|      0.0000| 0.00000|  291.82001|  256.82501| 3.63122e+01|  769.62000| 1061.43994|  4.11962e-06|        0.00000e+00|      4.56392e-09|            0.00000e+00|    0.00000|    0.00000|  0.00000e+00|        0.00000e+00|      0.00000e+00|            0.00000e+00|
|GRB091031500|2009-10-31 12:00:28.002|04 47 14.4|-57 43 48|      0.2300|     17.0000|16.61700|  408.12000|   27.99000| 1.65946e+02|    0.06000|  408.17999|  1.00543e-05|        2.26075e-06|      8.98475e-09|            4.32006e-09|    1.40800|   35.32900|  5.39167e-05|        1.74401e-05|      2.02955e-08|            9.86121e-09|
|GRB141222298|2014-12-22 07:08:56.996|11 52 00.0|-57 18 36|      0.0800|      8.2000| 1.29300|  406.34000|   12.39000| 3.89478e+01|   34.21000|  440.54999|  7.71704e-06|        2.79937e-06|      6.82813e-09|            4.35757e-09|    0.00000|    0.00000|  0.00000e+00|        0.00000e+00|      0.00000e+00|            0.00000e+00|
|GRB150702998|2015-07-02 23:56:37.997|03 30 21.6|-56 52 48|      0.5400|      0.0000| 0.00000| 1340.69995|   24.20500| 3.22995e+01|  512.57001| 1737.12000|  1.26692e-06|        5.60818e-07|      8.61306e-10|            6.48000e-10|    0.00000|    0.00000|  0.00000e+00|        0.00000e+00|      0.00000e+00|            0.00000e+00|
|GRB160829334|2016-08-29 08:01:36.998|13 26 52.8|-56 46 48|      0.1000|      0.0000| 0.00000|   30.74000|    6.18000| 3.06957e+01|    0.95000|   31.69000|  1.17056e-05|        7.63819e-06|      1.21712e-07|            1.40848e-07|    0.00000|    0.00000|  0.00000e+00|        0.00000e+00|      0.00000e+00|            0.00000e+00|
|GRB120316008|2012-03-16 00:11:01.997|03 49 24.0|-56 24 36|      0.3100|      5.8000| 0.39800|  530.03998|   33.31500| 7.00461e+01|   15.00000|  545.03998|  4.39790e-06|        1.26803e-06|      3.40587e-09|            2.08203e-09|    1.53600|   28.16000|  1.74842e-05|        1.06202e-05|      2.85828e-08|            4.05682e-08|
|GRB140928437|2014-09-28 10:29:53.002|02 55 02.4|-55 55 12|      0.1000|      0.0000| 0.00000|  878.03003|   42.96000| 6.08239e+01| 1676.64001| 2554.66992|  1.13238e-06|        6.52675e-07|      1.43243e-09|            1.57295e-09|    0.00000|    0.00000|  0.00000e+00|        0.00000e+00|      0.00000e+00|            0.00000e+00|
|GRB141012773|2014-10-12 18:33:16.998|19 19 40.8|-53 00 00|      0.2700|      0.0000| 0.00000|  103.90000|   10.43500| 1.19675e+02|    3.14000|  107.04000|  4.19038e-05|        1.17302e-05|      4.77710e-08|            2.85086e-08|  -25.85600|   11.77700|  6.56172e-05|        2.48133e-05|      3.43106e-08|            2.09634e-08|
|GRB150627183|2015-06-27 04:23:23.001|07 50 00.0|-51 33 00|      0.0600|      9.8000|13.58300| 5990.99023| 1284.80005| 2.39482e+02|  152.00999| 6143.00000|  2.36825e-06|        4.40864e-07|      6.77892e-09|            2.37759e-09|    0.00000|    0.00000|  0.00000e+00|        0.00000e+00|      0.00000e+00|            0.00000e+00|
|GRB090720710|2009-07-20 17:02:56.003|13 34 33.1|-51 11 53|      0.9900|      0.0000| 0.00000|    1.56000|    0.37000| 5.09816e+01|    0.12000|    1.68000|  9.87758e-04|        4.57779e-04|      6.44754e-07|            7.09798e-07|   -0.25600|   10.49600|  1.98101e-04|        8.04277e-05|      8.93551e-08|            6.70667e-08|
|GRB160905471|2016-09-05 11:18:54.999|10 48 02.4|-50 52 48|      0.1000|     22.0000|23.34300|  455.54001|   20.10000| 1.47355e+02|    7.75000|  463.29001|  9.13796e-06|        1.96626e-06|      1.86523e-08|            8.85753e-09|    3.84000|   37.37700|  2.70807e-05|        1.14910e-05|      7.98639e-08|            7.90791e-08|
|GRB100620119|2010-06-20 02:51:28.996|05 50 43.2|-50 39 36|      1.2400|      0.0000| 0.00000|   39.05000|    6.10500| 2.75217e+01|    3.75000|   42.80000|  1.63992e-05|        8.63987e-06|      3.74366e-09|            2.17911e-09|    0.19200|   52.03300|  1.82768e-05|        7.72360e-06|      4.74861e-09|            2.22433e-09|
|GRB120709883|2012-07-09 21:11:40.004|21 15 12.0|-50 25 12|      0.4000|      9.9000| 0.46000|  695.79999|   14.86500| 1.25988e+02|    0.11000|  695.90997|  1.02631e-05|        2.08241e-06|      6.21406e-09|            2.21249e-09|   -0.12800|   27.20000|  8.45134e-05|        2.40396e-05|      6.22217e-08|            3.76408e-08|
|GRB101014175|2010-10-14 04:11:51.999|01 46 00.0|-48 32 24|      0.0900|     12.0000| 1.66600| 1925.28003|   52.38000| 4.84252e+01| 2270.73999| 4196.02002|  3.98166e-07|        1.99255e-07|      3.84489e-09|            4.03587e-09|    0.00000|    0.00000|  0.00000e+00|        0.00000e+00|      0.00000e+00|            0.00000e+00|
|GRB150820880|2015-08-20 21:07:14.998|17 14 36.0|-48 19 48|     15.3000|      6.9000| 0.42300|    0.00000| -666.00000| 0.00000e+00|    0.00000|    0.00000|  0.00000e+00|        0.00000e+00|      0.00000e+00|            0.00000e+00|   -0.76800|    5.12000|  7.85917e-05|        0.00000e+00|      8.70678e-08|            0.00000e+00|
|GRB170906030|2017-09-06 00:43:08.000|13 35 45.6|-47 07 12|      0.1000|      0.0000| 0.00000| 1821.18994|    2.83000| 2.05606e+02|  162.06000| 1894.27002|  5.73369e-06|        9.48188e-07|      5.57307e-09|            1.78838e-09|   12.03200|   90.88100|  2.90371e-04|        0.00000e+00|      3.21688e-07|            0.00000e+00|
|GRB141102536|2014-11-02 12:51:39.004|13 56 16.8|-46 43 48|      0.6800|      0.0000| 0.00000|   54.17000|    1.11500| 4.85449e+01|    3.55000|   34.54000|  4.72661e-05|        2.15743e-05|      6.57220e-08|            7.03695e-08|   -0.06400|    2.56000|  5.78584e-04|        0.00000e+00|      6.40984e-07|            0.00000e+00|
|GRB170115743|2017-01-15 17:49:13.996|12 37 16.8|-46 37 48|      0.7400|     13.0000|11.03300| 1026.62000|    9.92500| 1.11427e+02|    1.27000| 1027.89001|  6.20058e-06|        1.92597e-06|      2.35911e-09|            5.11335e-10|    0.51200|   44.80000|  7.11025e-05|        1.81699e-05|      2.08971e-08|            6.29841e-09|
|GRB150523396|2015-05-23 09:29:47.996|07 41 21.6|-45 25 48|      0.0800|      8.4000|40.47700| 6125.20996|   75.78500| 2.48500e+02|    3.88000| 6129.08984|  3.85317e-06|        6.20289e-07|      5.28045e-09|            1.74969e-09|    1.79200|   84.22500|  5.79906e-05|        1.19753e-05|      4.85368e-08|            2.12711e-08|
|GRB170424425|2017-04-24 10:12:29.998|22 54 48.0|-45 07 12|      0.6900|     12.0000|35.19200|   85.81000|    2.39000| 4.36881e+01|   21.84000|  107.65000|  1.91431e-05|        8.84769e-06|      1.92594e-08|            1.92937e-08|    2.81600|   56.06500|  1.90774e-05|        1.14202e-05|      2.55181e-08|            3.43043e-08|
|GRB090227310|2009-02-27 07:25:57.000|00 18 14.4|-44 37 48|      0.3400|      6.8000| 9.90100|  201.39999|    0.18000| 3.32463e+01|    2.90000|  204.30000|  3.06844e-06|        1.66294e-06|      7.41967e-09|            9.37025e-09|    0.00300|   16.19200|  5.27863e-05|        0.00000e+00|      5.84793e-08|            0.00000e+00|
|GRB190531840|2019-05-31 20:10:12.003|01 37 33.6|-41 57 00|      0.1000|      8.3000| 6.70200| 1162.35999|  107.57000| 1.69227e+02|   12.96000| 1175.31995|  5.67909e-06|        1.05259e-06|      5.87826e-09|            2.30321e-09|    6.72000|   44.86500|  2.81036e-05|        1.24929e-05|      9.33676e-09|            5.16894e-09|
|GRB170510217|2017-05-10 05:12:24.998|10 40 50.4|-39 16 48|      0.4900|      8.1000|28.71100|  127.33000|    5.25000| 4.68101e+01|   26.84000|  154.17000|  3.50799e-05|        1.25983e-05|      2.23603e-08|            1.49679e-08|    2.81600|  130.56200|  3.20391e-05|        1.40634e-05|      2.17175e-08|            1.69949e-08|
|GRB110721200|2011-07-21 04:47:42.996|22 14 07.2|-38 34 48|      0.1200|     61.0000| 6.00500|  120.59000|    2.78000| 3.86724e+02|    0.04000|  120.63000|  5.84775e-05|        9.37105e-06|      2.95435e-08|            8.69514e-09|    0.00300|   21.82500|  2.97353e-04|        5.20805e-05|      1.30568e-07|            4.25320e-08|
|GRB210202841|2021-02-02 20:10:31.002|15 19 14.4|-38 02 24|      0.6100|      0.0000| 0.00000|   37.74000|    5.54000| 5.19798e+01|    0.91000|   38.65000|  5.00422e-05|        1.93088e-05|      3.87909e-08|            3.04081e-08|    0.76800|   18.43200|  1.03006e-04|        0.00000e+00|      1.14115e-07|            0.00000e+00|
|GRB120919052|2012-09-19 01:14:23.001|20 10 55.2|-37 43 48|      0.1400|      0.0000| 0.00000|  484.04001|  242.02000| 2.87391e+01|  121.23000|  605.27002|  4.58325e-06|        0.00000e+00|      5.07755e-09|            0.00000e+00|    2.04800|  120.06600|  9.24202e-06|        0.00000e+00|      1.02388e-08|            0.00000e+00|
|GRB120911268|2012-09-11 06:26:11.996|11 30 38.4|-37 30 00|      0.6000|     18.0000|28.23000|  208.53000|    1.85500| 6.27752e+02|    9.23000|  217.75999|  2.80312e-04|        3.68186e-05|      1.34177e-07|            2.59538e-08|    0.00000|   69.00000|  6.09484e-04|        9.05866e-05|      2.72255e-07|            5.71175e-08|
|GRB140110263|2014-01-10 06:18:36.996|01 56 28.8|-36 30 00|      0.2500|     13.0000| 5.98300|  158.81000|    7.66500| 3.38656e+02|    0.62000|  159.42999|  3.88391e-05|        6.88938e-06|      1.57937e-08|            4.20684e-09|   -0.25600|    9.21600|  5.56247e-04|        1.04477e-04|      2.30254e-07|            6.86236e-08|
|GRB090531775|2009-05-31 18:35:56.000|16 48 14.4|-36 03 00|      0.0000|     10.0000| 0.07100|    7.47000|    4.14000| 5.31069e+00|    0.00000|    0.00000|  0.00000e+00|        0.00000e+00|      0.00000e+00|            0.00000e+00|    0.00000|    0.00000|  0.00000e+00|        0.00000e+00|      0.00000e+00|            0.00000e+00|
|GRB150118409|2015-01-18 09:48:17.001|16 00 55.2|-35 55 48|      0.5600|      6.6000| 1.47300|   46.69000|   15.28000| 3.04634e+01|    4.34000|   51.03000|  1.34795e-04|        0.00000e+00|      1.49332e-07|            0.00000e+00|    7.68000|   47.87300|  1.38823e-04|        0.00000e+00|      1.53795e-07|            0.00000e+00|
|GRB131216081|2013-12-16 01:56:31.998|06 06 21.6|-35 30 00|      2.2400|      7.7000| 0.27500|    0.00000| -666.00000| 8.28272e-03|    0.00000|    0.00000|  0.00000e+00|        0.00000e+00|      0.00000e+00|            0.00000e+00|    0.00300|   19.26500|  4.46147e-05|        0.00000e+00|      4.94263e-08|            0.00000e+00|
|GRB120526303|2012-05-26 07:16:39.996|03 35 16.8|-35 13 48|      0.1100|      0.0000| 0.00000| 2614.09009|  173.12500| 1.22225e+02|  692.20001| 3306.29004|  2.02675e-06|        4.39708e-07|      3.44144e-09|            1.99157e-09|    0.00000|    0.00000|  0.00000e+00|        0.00000e+00|      0.00000e+00|            0.00000e+00|
|GRB121225417|2012-12-25 10:00:53.001|20 41 48.0|-34 49 48|      1.5000|      8.3000| 4.20700|    0.00000| -666.00000| 3.78045e+00|    0.00000|    0.00000|  0.00000e+00|        0.00000e+00|      0.00000e+00|            0.00000e+00|    9.47200|   67.96900|  1.04335e-04|        0.00000e+00|      1.15587e-07|            0.00000e+00|
|GRB110518860|2011-05-18 20:38:10.003|04 28 45.6|-34 16 12|      0.1900|      0.0000| 0.00000|  395.98999|  183.30000| 4.19981e+01| 1968.25000| 2364.23999|  1.42766e-06|        9.54326e-07|      2.72320e-09|            3.72168e-09|    0.00000|    0.00000|  0.00000e+00|        0.00000e+00|      0.00000e+00|            0.00000e+00|
|GRB131209547|2013-12-09 13:07:55.998|09 08 14.4|-33 54 00|      1.1600|      0.0000| 0.00000|  360.54001|   56.79000| 2.82334e+01|   14.27000|  374.81000|  6.92700e-06|        2.30885e-06|      1.98158e-09|            7.81753e-10|    2.81600|   16.38400|  8.07996e-05|        0.00000e+00|      8.95138e-08|            0.00000e+00|
|GRB090626189|2009-06-26 04:32:08.002|11 20 45.6|-33 33 36|      0.2900|      9.1000| 0.88900|  548.32001|   86.40500| 1.19713e+02|    9.00000|  557.32001|  1.08635e-05|        2.58376e-06|      1.02933e-08|            4.75188e-09|    1.53600|   50.43300|  2.72339e-05|        0.00000e+00|      3.01710e-08|            0.00000e+00|
|GRB170825307|2017-08-25 07:22:00.998|19 02 33.6|-32 33 00|      1.0200|      0.0000| 0.00000|    0.58000|    0.34000| 2.53163e+01|    0.91000|    1.49000|  2.33873e-03|        0.00000e+00|      2.59096e-06|            0.00000e+00|   -0.51200|    6.14400|  2.69245e-04|        0.00000e+00|      2.98283e-07|            0.00000e+00|
|GRB180718763|2018-07-18 18:18:24.002|02 57 55.2|-30 19 48|      0.9500|      0.0000| 0.00000|   15.09000|    3.20500| 7.22406e+01|    1.07000|   16.16000|  1.34565e-04|        4.85803e-05|      4.42470e-08|            2.34419e-08|    1.60000|   99.90600|  2.98619e-05|        9.88168e-06|      1.09174e-08|            4.90428e-09|
|GRB180703949|2018-07-03 22:46:51.001|06 27 40.8|-29 52 48|      0.4400|      0.0000| 0.00000|   70.55000|   22.20500| 4.29003e+01|    8.00000|   34.22000|  1.71484e-05|        1.00718e-05|      4.66272e-08|            6.75649e-08|    0.00000|    0.00000|  0.00000e+00|        0.00000e+00|      0.00000e+00|            0.00000e+00|
|GRB120830297|2012-08-30 07:07:03.000|05 54 21.6|-28 47 24|      0.6200|      0.0000| 0.00000|   10.02000|    0.18000| 7.07080e+01|    0.66000|   10.68000|  1.05102e-04|        4.34967e-05|      1.40960e-07|            1.45766e-07|    0.00000|    0.89600|  6.03307e-04|        3.51018e-04|      5.52631e-07|            7.61967e-07|
|GRB090228204|2009-02-28 04:53:20.000|06 34 24.0|-28 47 24|      0.2100|      0.0000| 0.00000|    2.00000|    0.13500| 6.04479e+01|    0.09000|    2.09000|  3.19539e-04|        1.62763e-04|      4.41700e-07|            5.74582e-07|    0.00000|    0.44800|  1.73344e-03|        0.00000e+00|      1.92039e-06|            0.00000e+00|
|GRB201208252|2020-12-08 06:03:22.997|10 33 19.2|-28 47 24|      0.1300|      0.0000| 0.00000|  164.60001|  109.58000| 3.35702e+01|   88.86000|  253.46001|  1.62449e-06|        1.31610e-06|      1.52956e-08|            2.20111e-08|  -11.52000|   33.28100|  1.16942e-05|        0.00000e+00|      1.29554e-08|            0.00000e+00|
|GRB160709826|2016-07-09 19:49:03.003|15 44 26.4|-28 30 36|      0.2700|     15.0000| 3.20500|   25.30000|    1.69000| 3.10023e+02|    0.47000|   25.77000|  2.42792e-04|        4.81670e-05|      1.31132e-07|            5.56068e-08|    0.00000|    5.44000|  1.04014e-03|        2.14810e-04|      5.29019e-07|            1.96918e-07|
|GRB100325275|2010-03-25 06:36:08.001|22 01 02.4|-26 59 24|      0.8700|      0.0000| 0.00000|    0.95000|    0.20500| 6.83635e+01|    0.22000|    1.17000|  7.32841e-04|        3.30379e-04|      9.34000e-07|            1.05550e-06|   -0.38400|    6.72000|  1.19686e-04|        4.95170e-05|      9.86467e-08|            9.44098e-08|
|GRB110921912|2011-09-21 21:52:44.996|00 23 04.8|-26 35 24|      0.3900|      7.1000| 0.93500|  314.22000|   52.68500| 5.52979e+01|    7.40000|  321.62000|  6.27929e-06|        2.15513e-06|      1.05340e-08|            7.91962e-09|    0.89600|   18.56000|  5.55691e-05|        2.58089e-05|      6.33728e-08|            6.74177e-08|
|GRB121029350|2012-10-29 08:24:18.999|15 16 16.8|-25 33 36|      0.2100|      0.0000| 0.00000| 1807.43994|   72.11000| 3.83823e+01|  119.02000| 1926.45996|  5.97585e-07|        3.28459e-07|      2.10326e-09|            2.13055e-09|   -0.89600|   14.91200|  1.34171e-04|        0.00000e+00|      1.48641e-07|            0.00000e+00|
|GRB100826957|2010-08-26 22:58:22.002|18 30 50.4|-25 16 12|      1.1300|     21.0000|21.08700|   27.88000|    5.64000| 3.35057e+01|   33.51000|   54.47000|  4.24051e-04|        2.47939e-04|      2.42490e-07|            2.10680e-07|    8.70400|   93.69700|  1.39639e-04|        7.12050e-05|      5.04331e-07|            5.61532e-07|
|GRB200415367|2020-04-15 08:48:04.997|00 44 19.2|-25 00 00|      0.5600|      0.0000| 0.00000|  451.98001|   94.19500| 3.05781e+01|   19.18000|  471.16000|  4.47200e-06|        2.49967e-06|      1.36007e-08|            1.36620e-08|    0.00000|    0.00000|  0.00000e+00|        0.00000e+00|      0.00000e+00|            0.00000e+00|
|GRB121123442|2012-11-23 10:35:55.000|01 54 28.8|-24 03 36|      0.5000|      0.0000| 0.00000| 1383.23999|  213.17000| 2.68282e+01|  268.01999| 1651.26001|  2.41803e-06|        1.03825e-06|      1.35116e-09|            7.88484e-10|    0.00000|    0.00000|  0.00000e+00|        0.00000e+00|      0.00000e+00|            0.00000e+00|
|GRB150513856|2015-05-13 20:33:14.999|03 16 14.4|-22 54 36|      0.0400|      8.4000|11.36000|  101.65000|    8.59500| 2.42558e+01|   68.84000|  170.49001|  1.37515e-05|        0.00000e+00|      1.52346e-08|            0.00000e+00| -157.18600|    1.79200|  1.71981e-05|        5.78759e-06|      7.76843e-09|            4.12011e-09|
|GRB130606497|2013-06-06 11:55:32.998|14 34 16.8|-22 09 00|      0.1100|      0.0000| 0.00000|  396.73999|   39.89000| 9.56791e+01|  130.53000|  527.27002|  8.80751e-06|        2.56435e-06|      2.06106e-08|            1.62087e-08|    0.00000|    0.00000|  0.00000e+00|        0.00000e+00|      0.00000e+00|            0.00000e+00|
|GRB181028590|2018-10-28 14:09:41.996|05 55 41.3|-21 58 52|      0.3060|      0.0000| 0.00000|   26.38000|   13.19000| 3.03664e+01|   26.68000|   53.06000|  7.85746e-05|        0.00000e+00|      8.70488e-08|            0.00000e+00|    2.04800|   31.74500|  3.69730e-05|        2.18722e-05|      1.47319e-08|            1.24904e-08|
|GRB091120191|2009-11-20 04:34:39.996|15 06 48.0|-21 21 36|      0.1800|      0.0000| 0.00000|  772.08002|   17.27500| 4.49029e+01|   31.79000|  803.87000|  4.92692e-06|        1.52460e-06|      1.76451e-09|            6.16110e-10|    1.02400|   51.20100|  4.35103e-05|        0.00000e+00|      4.82028e-08|            0.00000e+00|
|GRB131014215|2013-10-14 05:08:59.997|06 43 07.2|-20 45 36|      0.8100|     17.0000| 1.81100|  198.60001|    4.95500| 1.55255e+02|    1.85000|  200.45000|  6.05895e-05|        1.27473e-05|      8.60071e-08|            4.99144e-08|    0.96000|    4.16000|  3.83231e-03|        1.29106e-03|      4.36076e-06|            3.18297e-06|
|GRB190511302|2019-05-11 07:14:24.003|08 25 23.0|-20 11 53|      0.1730|      0.0000| 0.00000|  872.46997|   42.94000| 7.43665e+01|   14.23000|  886.70001|  4.03634e-06|        1.22923e-06|      3.95090e-09|            2.24495e-09|    2.56000|   30.20800|  1.51014e-05|        1.10692e-05|      2.46485e-08|            4.00721e-08|
|GRB130325203|2013-03-25 04:51:53.997|08 11 52.8|-19 09 00|      0.1800|      0.0000| 0.00000|  705.65997|  187.13000| 6.41314e+01|  324.07999| 1029.73999|  1.18272e-06|        6.30778e-07|      5.75707e-09|            5.47828e-09|    0.76800|    7.68000|  1.67287e-04|        0.00000e+00|      1.85329e-07|            0.00000e+00|
|GRB210928084|2021-09-28 02:00:30.997|16 23 06.2|-17 59 56|      0.1200|     12.0000|19.01800|  543.21997|   11.55000| 1.68013e+02|   12.51000|  555.72998|  1.55193e-05|        3.12005e-06|      1.05148e-08|            3.59890e-09|    2.56000|   26.36800|  1.30160e-04|        4.13466e-05|      2.95576e-08|            9.85284e-09|
|GRB130310840|2013-03-10 20:09:41.003|09 29 31.2|-17 06 00|      0.4700|     11.0000| 0.07800|  492.84000|   31.86000| 5.36175e+01|   67.23000|  560.07001|  6.61185e-06|        2.14470e-06|      5.98731e-09|            3.72627e-09|    4.09600|   20.09600|  1.01043e-03|        0.00000e+00|      1.11941e-06|            0.00000e+00|
|GRB101227406|2010-12-27 09:45:05.996|16 00 50.4|-15 55 48|      0.3200|      0.0000| 0.00000|    6.50000|    2.67500| 2.67398e+01|   17.29000|   23.79000|  4.38323e-05|        3.11649e-05|      1.88405e-07|            3.05363e-07|    0.76800|  154.11501|  4.41822e-06|        2.26940e-06|      1.44638e-08|            1.65960e-08|
|GRB090427977|2009-04-27 23:26:32.004|15 43 26.4|-14 03 00|      0.1100|      0.0000| 0.00000|   12.69000|   12.69000| 4.02377e+01|    0.00000|    0.00000|  0.00000e+00|        0.00000e+00|      0.00000e+00|            0.00000e+00|    0.00000|    0.00000|  0.00000e+00|        0.00000e+00|      0.00000e+00|            0.00000e+00|
|GRB190727846|2019-07-27 20:18:17.001|08 24 45.6|-13 20 24|      0.2800|     14.0000| 1.97100|  306.92999|    0.58000| 3.71666e+01|   14.08000|  321.01001|  6.62445e-06|        2.59243e-06|      3.47488e-09|            2.20854e-09|    3.07200|   38.14500|  4.23250e-05|        0.00000e+00|      4.68898e-08|            0.00000e+00|
|GRB140825288|2014-08-25 06:55:25.000|05 56 02.4|-12 09 36|      0.5700|      0.0000| 0.00000|  239.27000|  119.63500| 1.84542e+01| 1463.05005| 1702.31995|  1.30465e-05|        0.00000e+00|      1.44535e-08|            0.00000e+00|    0.00000|    0.00000|  0.00000e+00|        0.00000e+00|      0.00000e+00|            0.00000e+00|
|GRB110120666|2011-01-20 15:59:38.999|04 06 28.8|-12 01 12|      0.2000|      6.6000| 0.23100| 1112.27002|  223.13000| 7.42733e+01|    0.58000| 1112.84998|  2.38665e-06|        6.73468e-07|      2.44167e-09|            1.42798e-09|    0.00300|   26.17600|  4.81127e-05|        0.00000e+00|      5.33017e-08|            0.00000e+00|
|GRB130821674|2013-08-21 16:10:28.001|20 56 55.2|-11 31 12|      0.1800|     16.0000| 9.27500| 6069.75977| 1965.75000| 2.01783e+02|   33.94000| 6103.70020|  3.73176e-06|        5.35273e-07|      2.05303e-09|            4.94917e-10|    3.58400|   90.62500|  2.01542e-05|        7.33365e-06|      8.69674e-09|            4.80664e-09|
|GRB140619475|2014-06-19 11:24:40.003|08 50 38.4|-09 39 00|      0.2000|     10.0000| 1.12400|    5.12000|    1.07000| 3.19016e+02|    0.20000|    5.32000|  8.32254e-04|        1.75646e-04|      1.25924e-06|            6.64753e-07|   -0.25600|    2.56000|  1.40053e-03|        3.08727e-04|      1.70917e-06|            9.29638e-07|
|GRB181225489|2018-12-25 11:44:09.997|23 12 14.6|-09 29 31|      0.0880|     12.0000|13.62200|  111.52000|    5.02000| 3.71464e+02|    0.37000|  111.89000|  1.09928e-04|        1.91112e-05|      8.24761e-08|            3.38094e-08|   -0.99200|   40.48100|  2.57844e-04|        4.70921e-05|      1.87420e-07|            6.17867e-08|
|GRB140104731|2014-01-04 17:32:03.002|14 35 02.4|-08 58 48|      0.1800|      0.0000| 0.00000|  946.77002|  183.45000| 7.27929e+01|  227.28000| 1174.05005|  3.51251e-06|        1.00833e-06|      4.10465e-09|            2.43010e-09|   11.00800|  198.14500|  3.29404e-06|        0.00000e+00|      3.64930e-09|            0.00000e+00|
|GRB140206275|2014-02-06 06:36:12.001|21 00 57.6|-08 47 24|      0.0800|     39.0000|27.60100| 8584.42969|    0.01000| 3.01702e+02|    0.61000| 8585.04004|  2.96105e-06|        3.89425e-07|      2.65295e-09|            6.74392e-10|    7.48800|  154.17799|  4.24571e-05|        8.91236e-06|      1.53134e-08|            5.04879e-09|
|GRB090217206|2009-02-17 04:56:42.003|13 40 02.4|-08 23 24|      0.4600|     16.0000|13.54200|   67.50000|    9.75500| 1.76735e+02|    4.09000|   71.59000|  6.04969e-05|        1.38472e-05|      3.65835e-08|            1.57288e-08|    0.83200|   34.11200|  1.09520e-04|        2.45985e-05|      6.17495e-08|            2.69146e-08|
|GRB170409112|2017-04-09 02:42:00.000|23 10 07.2|-07 10 12|      0.1000|      0.0000| 0.00000|  261.88000|   31.26000| 5.48234e+01|  178.39000|  440.26999|  1.25646e-05|        3.88526e-06|      1.21695e-08|            7.68933e-09|    0.00000|    0.00000|  0.00000e+00|        0.00000e+00|      0.00000e+00|            0.00000e+00|
|GRB160310016|2016-03-10 00:22:58.002|06 35 07.2|-07 07 12|      0.0600|      0.0000| 0.00000|  332.92001|  201.50999| 2.95836e+01|   99.25000|  432.17001|  9.97718e-06|        0.00000e+00|      1.10532e-08|            0.00000e+00|    0.00000|    0.00000|  0.00000e+00|        0.00000e+00|      0.00000e+00|            0.00000e+00|
|GRB170228794|2017-02-28 19:03:00.000|15 58 38.4|-06 29 24|      2.0200|      0.0000| 0.00000|   65.97000|   10.30000| 1.75248e+01|    6.45000|   72.42000|  6.81781e-05|        0.00000e+00|      7.55311e-08|            0.00000e+00|    1.56800|   62.24100|  7.53700e-05|        0.00000e+00|      8.34986e-08|            0.00000e+00|
|GRB170813051|2017-08-13 01:13:07.997|13 21 48.0|-05 29 24|      0.7500|      0.0000| 0.00000|  255.78000|   67.25000| 1.99187e+01|    9.52000|  265.29999|  8.21092e-06|        0.00000e+00|      9.09647e-09|            0.00000e+00|   -0.51200|  111.36000|  1.79358e-05|        0.00000e+00|      1.98701e-08|            0.00000e+00|
|GRB180914522|2018-09-14 12:31:47.004|03 31 00.5|-05 17 24|      0.3360|      0.0000| 0.00000| 1018.84998|  238.38000| 5.39751e+01|  545.07001| 1563.92004|  1.78596e-06|        8.09409e-07|      7.40059e-09|            6.05748e-09|    0.00000|    0.00000|  0.00000e+00|        0.00000e+00|      0.00000e+00|            0.00000e+00|
|GRB080825593|2008-08-25 14:13:48.003|15 39 19.2|-03 50 24|      0.6500|      8.5000| 1.20300|  170.45000|    0.66000| 8.71023e+01|    3.06000|  173.50999|  4.90571e-05|        1.30792e-05|      1.71071e-08|            5.58889e-09|    1.21600|   22.20800|  2.11567e-04|        7.40948e-05|      5.25227e-08|            1.90751e-08|
|GRB140723067|2014-07-23 01:36:30.001|14 04 12.0|-03 34 12|      0.5100|      8.0000|20.82200|  103.21000|    1.13000| 2.81668e+02|    0.56000|  103.77000|  8.71558e-05|        1.54966e-05|      6.30621e-08|            2.36214e-08|    0.00000|   56.32000|  1.26097e-04|        2.68064e-05|      9.22636e-08|            3.93955e-08|
|GRB160503567|2016-05-03 13:36:31.997|23 55 57.6|-01 14 24|      0.8800|      0.0000| 0.00000|17750.66992|   72.63500| 3.74564e+01| 5324.74023|23075.41016|  1.35248e-06|        4.39180e-07|      4.05977e-10|            1.39784e-10|    0.00000|    0.00000|  0.00000e+00|        0.00000e+00|      0.00000e+00|            0.00000e+00|
|GRB100511035|2010-05-11 00:49:55.998|07 25 31.2|-00 59 24|      0.0700|      0.0000| 0.00000| 6326.54980|  722.37000| 1.14440e+02|   11.61000| 6338.16016|  1.90649e-06|        4.88291e-07|      3.81097e-09|            1.70264e-09|    0.83200|   43.26500|  4.51747e-05|        0.00000e+00|      5.00468e-08|            0.00000e+00|
|GRB190606080|2019-06-06 01:55:06.997|05 06 09.6|-00 40 48|      0.4700|      7.2000| 0.10100|  122.74000|   61.37000| 3.90621e+01|   31.60000|  154.34000|  8.67269e-05|        0.00000e+00|      9.60803e-08|            0.00000e+00|    0.00000|    0.00000|  0.00000e+00|        0.00000e+00|      0.00000e+00|            0.00000e+00|
|GRB181231144|2018-12-31 03:27:43.001|16 58 21.6|+00 36 36|      0.1670|      0.0000| 0.00000|  187.70000|   53.68000| 2.99350e+01|  315.28000|  502.98001|  1.05976e-05|        0.00000e+00|      1.17406e-08|            0.00000e+00|    0.00000|    0.00000|  0.00000e+00|        0.00000e+00|      0.00000e+00|            0.00000e+00|
|GRB140102887|2014-01-02 21:17:37.000|14 08 04.8|+01 28 12|      0.2400|     11.0000| 2.87200|   57.10000|   11.60500| 1.19439e+02|    3.09000|   60.19000|  5.13792e-05|        1.47639e-05|      4.07712e-08|            2.50740e-08|    0.44800|    4.09600|  4.36471e-04|        0.00000e+00|      4.83544e-07|            0.00000e+00|
|GRB170808936|2017-08-08 22:27:43.004|09 42 52.8|+01 36 36|      0.7100|      7.3000|10.30900| 6192.14990|   37.61000| 6.55309e+01|   13.73000| 6205.87988|  1.66936e-06|        4.70772e-07|      1.11688e-09|            4.74414e-10|    4.09600|   21.76000|  2.20331e-04|        0.00000e+00|      2.44093e-07|            0.00000e+00|
|GRB101123952|2010-11-23 22:51:34.004|09 00 38.4|+01 54 36|      1.0000|      8.9000| 2.69600|    0.00000| 7253.75977| 1.84620e+01|54298.62891|57138.12500|  2.41221e-06|        0.00000e+00|      2.67237e-09|            0.00000e+00|    0.00000|    0.00000|  0.00000e+00|        0.00000e+00|      0.00000e+00|            0.00000e+00|
|GRB180526461|2018-05-26 11:04:09.002|07 13 55.2|+03 38 24|      0.2700|      0.0000| 0.00000| 1139.68994|   45.13000| 5.14177e+01|  808.88000| 1948.56995|  3.40368e-06|        1.33016e-06|      5.67610e-09|            4.03930e-09|    0.00000|    0.00000|  0.00000e+00|        0.00000e+00|      0.00000e+00|            0.00000e+00|
|GRB130504978|2013-05-04 23:28:57.000|06 06 12.0|+03 46 48|      0.1200|     29.0000|57.36100|  547.67999|   20.32000| 1.04096e+02|   42.64000|  590.32001|  7.21117e-06|        1.80263e-06|      9.99523e-09|            5.20823e-09|    8.70400|   81.92100|  2.76523e-05|        1.19149e-05|      1.35413e-08|            7.31120e-09|
|GRB181120265|2018-11-20 06:21:18.996|01 22 58.1|+03 48 22|      0.7110|      0.0000| 0.00000|  245.00000|   72.79500| 2.85728e+01| 4994.52002| 5239.52002|  9.13531e-06|        0.00000e+00|      1.01205e-08|            0.00000e+00|    0.00000|    0.00000|  0.00000e+00|        0.00000e+00|      0.00000e+00|            0.00000e+00|
|GRB141207800|2014-12-07 19:11:20.999|10 39 12.0|+03 57 00|      0.2000|     15.0000|10.47900|  732.57001|   11.16500| 4.95227e+02|    1.76000|  734.33002|  1.22902e-05|        2.02875e-06|      2.34423e-08|            8.86104e-09|    1.28000|   22.27200|  6.63599e-04|        1.09041e-04|      9.39684e-07|            3.69664e-07|
|GRB110728056|2011-07-28 01:20:22.001|11 34 16.8|+04 20 24|      0.6200|      0.0000| 0.00000|    2.62000|    0.93500| 7.26365e+01|    0.36000|    2.98000|  4.00825e-04|        1.68102e-04|      6.14229e-07|            6.48318e-07|   -0.12800|    0.57600|  1.22741e-03|        0.00000e+00|      1.35978e-06|            0.00000e+00|
|GRB210822388|2021-08-22 09:18:17.997|20 18 38.4|+04 53 24|      0.5400|      0.0000| 0.00000| 1776.01001|  623.35999| 2.80493e+01|  630.97998| 2406.98999|  2.41391e-06|        0.00000e+00|      2.67425e-09|            0.00000e+00|    0.00000|    0.00000|  0.00000e+00|        0.00000e+00|      0.00000e+00|            0.00000e+00|
|GRB150510139|2015-05-10 03:19:53.003|01 05 40.8|+04 54 36|      0.3300|     12.0000|16.38000|  170.10001|   12.53500| 5.61762e+01|    2.43000|  147.59000|  2.16877e-05|        8.35847e-06|      2.48836e-08|            1.86766e-08|    0.38400|   52.28800|  4.79922e-05|        1.98584e-05|      2.39668e-08|            1.59862e-08|
|GRB140402007|2014-04-02 00:10:06.001|13 50 38.4|+05 58 12|      0.1600|      8.4000| 1.54600|   71.60000|    5.32500| 9.23306e+01|    0.11000|   71.65000|  2.04019e-05|        7.55193e-06|      4.46496e-08|            3.57545e-08|   -0.12800|    0.19200|  1.84099e-03|        9.28928e-04|      1.03235e-06|            1.03565e-06|
|GRB110625881|2011-06-25 21:08:18.001|19 05 31.2|+06 24 00|      0.1300|      0.0000| 0.00000|  371.38000|  106.34500| 8.81201e+01|  205.86000|  577.23999|  3.13847e-05|        6.42577e-06|      1.17506e-08|            3.09951e-09|    0.00000|    0.00000|  0.00000e+00|        0.00000e+00|      0.00000e+00|            0.00000e+00|
|GRB140219824|2014-02-19 19:46:32.002|10 32 48.0|+07 15 36|      0.8500|      0.0000| 0.00000|  842.15997|   46.30000| 3.14260e+01|  959.84003| 1356.56006|  6.80884e-06|        0.00000e+00|      7.54317e-09|            0.00000e+00|    0.00000|    0.00000|  0.00000e+00|        0.00000e+00|      0.00000e+00|            0.00000e+00|
|GRB160702516|2016-07-02 12:22:24.004|15 24 21.6|+09 04 12|      0.2100|      0.0000| 0.00000|  274.06000|  137.03000| 3.30942e+01| 1941.52002| 2215.58008|  1.03957e-05|        0.00000e+00|      1.15169e-08|            0.00000e+00|    0.00000|    0.00000|  0.00000e+00|        0.00000e+00|      0.00000e+00|            0.00000e+00|
|GRB170329387|2017-03-29 09:17:06.000|23 46 43.2|+09 46 12|      0.6000|      0.0000| 0.00000|   48.47000|    6.94500| 9.12126e+01|    3.93000|   52.40000|  5.06888e-05|        1.66302e-05|      3.91594e-08|            2.71511e-08|    0.25600|   33.79200|  6.38639e-05|        2.12363e-05|      5.12454e-08|            3.83273e-08|
|GRB171011810|2017-10-11 19:26:26.998|11 13 55.2|+10 01 48|      0.8200|      0.0000| 0.00000|   42.67000|   21.33500| 5.17847e+01|    0.05094|  148.49683|  8.76463e-06|        0.00000e+00|      9.70989e-09|            0.00000e+00|   -0.44800|    0.03200|  1.20273e-03|        6.99856e-04|      8.44278e-07|            1.06719e-06|
|GRB200219998|2020-02-19 23:57:09.999|17 30 40.8|+10 27 00|      0.2400|      0.0000| 0.00000|  301.78000|   57.15500| 5.77106e+01|   80.33000|  382.10999|  4.20724e-06|        1.67081e-06|      6.45668e-09|            5.84583e-09|    1.02400|   22.65600|  6.23023e-05|        0.00000e+00|      6.90216e-08|            0.00000e+00|
|GRB100423244|2010-04-23 05:51:25.004|08 00 43.2|+13 21 36|      0.1900|      0.0000| 0.00000|   13.89000|    6.94500| 3.11528e+01|  166.69000|  180.58000|  3.07365e-05|        2.21997e-05|      5.92253e-08|            1.01155e-07|    1.60000|   18.11200|  7.70949e-05|        0.00000e+00|      8.54095e-08|            0.00000e+00|
|GRB150210935|2015-02-10 22:26:24.000|07 29 07.2|+13 34 12|      0.4300|     14.0000| 2.52100|  168.61000|   18.17500| 1.57025e+02|    0.76000|  169.37000|  3.29734e-05|        7.93031e-06|      2.49391e-08|            1.19707e-08|    0.00300|   31.29700|  1.33100e-04|        3.49821e-05|      8.96094e-08|            4.83435e-08|
|GRB100116897|2010-01-16 21:31:00.002|20 20 00.0|+14 30 36|      0.0600|     31.0000| 6.65700|  652.84998|   52.17000| 1.28847e+02|   77.51000|  730.35999|  7.89312e-06|        1.97899e-06|      1.56922e-08|            7.96835e-09|    0.57600|  103.10600|  1.65088e-05|        6.30060e-06|      4.90900e-09|            2.06162e-09|
|GRB080818945|2008-08-18 22:40:49.002|07 17 50.4|+15 00 00|      0.4700|      0.0000| 0.00000|  463.92001|  201.94501| 2.32328e+01| 9018.86035| 9482.78027|  6.06133e-06|        0.00000e+00|      6.71504e-09|            0.00000e+00|    0.00000|    0.00000|  0.00000e+00|        0.00000e+00|      0.00000e+00|            0.00000e+00|
|GRB100213531|2010-02-13 12:44:41.001|18 49 48.0|+15 09 00|      0.0600|      0.0000| 0.00000|  681.84998|  254.04500| 4.24741e+01| 2707.17993| 3215.27002|  3.35049e-06|        2.09898e-06|      5.17419e-09|            5.23437e-09|    0.00000|    0.00000|  0.00000e+00|        0.00000e+00|      0.00000e+00|            0.00000e+00|
|GRB120420858|2012-04-20 20:35:13.004|07 15 04.8|+15 10 12|      0.2900|      0.0000| 0.00000|  406.34000|   13.95500| 3.18215e+01| 3501.66992| 3908.01001|  4.64067e-06|        1.98055e-06|      4.39277e-09|            3.46550e-09|    0.00000|    0.00000|  0.00000e+00|        0.00000e+00|      0.00000e+00|            0.00000e+00|
|GRB140729026|2014-07-29 00:36:52.998|12 55 36.0|+15 25 12|      0.2600|      0.0000| 0.00000|   68.57000|    0.35000| 6.83410e+01|    4.83000|   58.93000|  2.31555e-05|        8.28739e-06|      4.03976e-08|            3.60450e-08|    0.51200|   56.06500|  2.54455e-05|        8.51286e-06|      3.90837e-08|            3.28762e-08|
|GRB191202867|2019-12-02 20:48:50.996|16 37 52.8|+17 29 24|      0.2500|      7.7000| 1.98500|  369.95001|   64.93500| 6.04701e+01|   96.84000|  466.79001|  2.32110e-06|        1.10849e-06|      7.90026e-09|            8.11484e-09|    1.02400|   31.74500|  2.38716e-05|        0.00000e+00|      2.64462e-08|            0.00000e+00|
|GRB180210517|2018-02-10 12:24:38.002|00 07 19.2|+18 29 24|      0.1200|      0.0000| 0.00000| 1598.06006|  243.89500| 1.84099e+02|   23.06000| 1621.12000|  3.62271e-06|        7.24665e-07|      8.03160e-09|            3.36836e-09|    4.09600|   43.00900|  3.71383e-05|        0.00000e+00|      4.11436e-08|            0.00000e+00|
|GRB081009140|2008-10-09 03:20:58.001|16 46 16.8|+18 55 12|      0.2800|      0.0000| 0.00000| 1182.34998|  241.70500| 4.91332e+01|   67.78000| 1250.13000|  3.14869e-06|        1.06167e-06|      6.69199e-09|            4.47371e-09|    1.34400|   42.68900|  7.82835e-05|        0.00000e+00|      8.67264e-08|            0.00000e+00|
|GRB220107793|2022-01-07 19:01:33.004|14 25 52.8|+19 54 00|      0.2400|     11.0000| 1.28200|  359.32001|   11.19500| 2.56038e+02|    2.78000|  362.10001|  1.93501e-05|        3.24866e-06|      1.57614e-08|            5.70516e-09|    0.83200|   25.66500|  2.43075e-04|        5.02268e-05|      2.12264e-07|            9.93795e-08|
|GRB081024891|2008-10-24 21:22:39.996|21 32 02.4|+20 50 24|      0.3100|      8.0000| 1.32000|    2.02000|    0.04000| 1.52253e+02|    0.17000|    2.19000|  8.26545e-04|        2.50940e-04|      5.56576e-07|            3.71747e-07|   -0.06400|    0.57600|  1.42911e-03|        5.86579e-04|      9.16834e-07|            8.10878e-07|
|GRB160917456|2016-09-17 10:56:11.003|13 25 26.4|+20 55 48|      3.7300|      7.9000| 6.44800|    0.00000| -666.00000| 0.00000e+00|    0.00000|    0.00000|  0.00000e+00|        0.00000e+00|      0.00000e+00|            0.00000e+00|    0.00000|    0.00000|  0.00000e+00|        0.00000e+00|      0.00000e+00|            0.00000e+00|
|GRB171120556|2017-11-20 13:20:02.000|10 55 16.8|+22 24 36|      0.2000|      0.0000| 0.00000| 5275.68018|   10.46000| 1.47126e+02|    0.31000| 5275.99023|  3.74001e-06|        7.10512e-07|      2.84969e-09|            1.04145e-09|    0.00300|   44.06500|  2.45895e-05|        1.03845e-05|      2.28035e-08|            2.18097e-08|
|GRB120328268|2012-03-28 06:26:19.997|15 12 33.6|+22 48 00|      1.0000|      8.2000| 2.74100|    0.00000| -666.00000| 0.00000e+00|    0.00000|    0.00000|  0.00000e+00|        0.00000e+00|      0.00000e+00|            0.00000e+00|    0.00000|    0.00000|  0.00000e+00|        0.00000e+00|      0.00000e+00|            0.00000e+00|
|GRB101107011|2010-11-07 00:16:25.003|11 21 04.8|+23 52 48|      0.2000|      0.0000| 0.00000|  105.39000|    4.38000| 5.55766e+01|  134.03000|  239.42000|  1.39168e-05|        5.50135e-06|      2.01218e-08|            1.72025e-08|    2.30400|  378.11801|  3.91428e-06|        1.61165e-06|      5.07298e-09|            4.38702e-09|
|GRB171210493|2017-12-10 11:49:14.998|22 21 09.6|+24 26 24|      0.3200|     14.0000| 8.20000| 1512.18994|   71.87000| 6.53506e+01|    5.88000| 1374.48999|  3.01383e-06|        7.53077e-07|      1.61953e-09|            6.82592e-10|    3.58400|  146.69099|  1.77979e-05|        0.00000e+00|      1.97173e-08|            0.00000e+00|
|GRB140523129|2014-05-23 03:05:56.996|08 52 21.6|+24 49 48|      0.3800|      0.0000| 0.00000|  468.57999|   20.54500| 3.68102e+02|    1.61000|  470.19000|  4.47687e-05|        7.52686e-06|      5.06769e-08|            2.23750e-08|    0.57600|   19.77600|  2.76094e-04|        7.46232e-05|      3.98736e-07|            2.40563e-07|
|GRB170522657|2017-05-22 15:45:35.001|09 17 24.0|+25 40 12|      0.2300|      0.0000| 0.00000|   38.84000|   10.58500| 1.04398e+02|    2.81000|   41.65000|  5.27445e-05|        1.73953e-05|      2.11470e-07|            1.58160e-07|    0.57600|    8.00000|  1.70871e-04|        7.16992e-05|      3.28042e-07|            3.39788e-07|
|GRB140810782|2014-08-10 18:46:10.001|07 55 43.2|+27 24 00|      0.0700|      0.0000| 0.00000|18366.67969|  124.01000| 8.24027e+01|  460.82001|18827.50000|  3.22822e-07|        1.18802e-07|      1.49925e-09|            9.56631e-10|    0.00000|    0.00000|  0.00000e+00|        0.00000e+00|      0.00000e+00|            0.00000e+00|
|GRB130828306|2013-08-28 07:20:00.004|17 18 52.8|+28 12 36|      0.2900|      9.2000|33.70000|  599.75000|   13.77500| 2.89865e+02|   17.07000|  616.82001|  1.22082e-05|        2.17685e-06|      8.22223e-09|            2.90096e-09|   13.31200|  150.27400|  6.29412e-05|        1.12613e-05|      3.47206e-08|            1.16207e-08|
|GRB110123804|2011-01-23 19:17:45.004|16 02 26.4|+28 22 12|      0.2200|      0.0000| 0.00000|  475.44000|   15.27000| 4.60170e+01|   51.59000|  526.25000|  2.89714e-06|        1.29880e-06|      2.11371e-09|            1.63131e-09|    0.00000|    0.00000|  0.00000e+00|        0.00000e+00|      0.00000e+00|            0.00000e+00|
|GRB190515190|2019-05-15 04:33:03.004|09 11 00.0|+28 55 48|      0.9500|      7.3000| 1.64500|    1.62000|    0.04500| 1.40449e+02|    0.18000|    1.80000|  1.55902e-03|        4.58075e-04|      6.54154e-07|            3.07498e-07|   -0.11200|    1.15200|  1.69160e-03|        5.45789e-04|      5.76220e-07|            2.81191e-07|
|GRB210802839|2021-08-02 20:08:05.997|15 23 28.6|+29 52 08|      0.2240|      0.0000| 0.00000|   16.54000|    0.41500| 9.29570e+01|    2.81000|   19.35000|  1.43070e-04|        6.18947e-05|      1.05160e-07|            8.03519e-08|    0.32000|   10.56000|  1.71608e-04|        0.00000e+00|      1.90116e-07|            0.00000e+00|
|GRB200716957|2020-07-16 22:57:40.997|13 02 16.8|+29 52 12|      0.1700|      0.0000| 0.00000|  279.85999|    0.19500| 3.86809e+01|   18.28000|  298.14001|  2.03438e-06|        1.66826e-06|      9.42671e-09|            1.28633e-08|    0.00000|    0.00000|  0.00000e+00|        0.00000e+00|      0.00000e+00|            0.00000e+00|
|GRB161015710|2016-10-15 17:03:07.001|17 56 31.2|+30 09 36|      0.4200|      0.0000| 0.00000|    6.42000|    0.19500| 1.03754e+02|    1.05000|    7.47000|  2.93985e-04|        1.05783e-04|      1.13714e-07|            6.05192e-08|    0.25600|   15.36000|  1.57874e-04|        4.99391e-05|      1.10641e-07|            7.33047e-08|
|GRB081102365|2008-11-02 08:44:59.997|14 11 48.0|+30 19 48|      0.5800|      0.0000| 0.00000|    0.15000|    0.03000| 8.82602e+01|    0.28000|    0.43000|  8.21014e-03|        3.71086e-03|      3.73629e-06|            2.80514e-06|   -0.06400|    1.66400|  8.18745e-04|        3.39785e-04|      5.83952e-07|            5.21452e-07|
|GRB180305393|2018-03-05 09:26:07.996|03 18 40.8|+32 06 00|      0.1100|      8.7000| 2.89400|  424.20999|  424.20999| 3.17423e+01| 1613.83997| 2038.05005|  2.70245e-06|        5.00415e-06|      3.96303e-09|            5.82286e-09|    1.53600|   14.59200|  7.47012e-04|        0.00000e+00|      8.27577e-07|            0.00000e+00|
|GRB090227772|2009-02-27 18:31:01.004|00 47 12.0|+32 12 00|      1.8000|     15.0000| 1.14400|    0.00000| -666.00000| 2.95354e+01|    0.00000|    0.00000|  0.00000e+00|        0.00000e+00|      0.00000e+00|            0.00000e+00|   -0.01600|    0.28800|  1.64047e-02|        1.14914e-02|      3.27357e-06|            2.30133e-06|
|GRB171124235|2017-11-24 05:37:55.998|22 22 04.8|+35 14 24|      0.2000|      0.0000| 0.00000|  317.88000|    7.03000| 1.91939e+02|    3.42000|  321.29999|  1.29991e-05|        2.93245e-06|      8.78834e-09|            3.91097e-09|   -0.70400|   25.47200|  1.18168e-04|        2.71192e-05|      1.33138e-07|            7.48707e-08|
|GRB190530430|2019-05-30 10:19:08.000|08 02 31.2|+35 31 48|      0.2500|     22.0000|18.41700|  360.12000|  360.12000| 2.84974e+01| 4458.60986| 4818.72998|  1.98546e-06|        1.17857e-06|      4.31943e-09|            5.22129e-09|    0.00000|    0.00000|  0.00000e+00|        0.00000e+00|      0.00000e+00|            0.00000e+00|
|GRB140124527|2014-01-24 12:38:31.001|03 57 04.8|+36 51 36|      0.3300|      0.0000| 0.00000|  374.62000|   90.60000| 2.61335e+01|   93.56000|  468.17999|  4.40718e-06|        0.00000e+00|      4.88249e-09|            0.00000e+00|  -12.67200|  108.86600|  7.90086e-06|        0.00000e+00|      8.75296e-09|            0.00000e+00|
|GRB160816730|2016-08-16 17:30:57.001|21 29 16.8|+37 08 24|      0.2300|      7.2000|10.45500| 1093.71997|   69.09000| 2.61040e+02|    1.05000| 1094.77002|  8.32985e-06|        1.26972e-06|      5.52332e-09|            1.62924e-09|    0.38400|   11.45600|  2.61291e-04|        6.61273e-05|      1.01562e-07|            3.87135e-08|
|GRB081122520|2008-11-22 12:28:11.997|22 35 16.8|+37 34 12|      0.2700|      0.0000| 0.00000|   43.04000|   16.16500| 3.66265e+01|   23.49000|   66.53000|  2.57834e-05|        0.00000e+00|      2.85641e-08|            0.00000e+00|   -0.25600|   23.04000|  3.66217e-05|        0.00000e+00|      4.05714e-08|            0.00000e+00|
|GRB160910722|2016-09-10 17:19:39.003|14 45 14.4|+38 48 36|      0.5900|     20.0000|10.77700|  130.00000|   47.98500| 4.44554e+01|   86.39000|  216.39000|  1.80404e-05|        0.00000e+00|      1.99861e-08|            0.00000e+00|    4.60800|   28.92800|  3.19095e-04|        0.00000e+00|      3.53509e-07|            0.00000e+00|
|GRB121011469|2012-10-11 11:15:25.004|17 20 48.0|+41 08 24|      0.0100|      8.2000| 7.83700|   61.64000|    4.37000| 1.68190e+01|   33.24000|   94.88000|  4.45694e-05|        0.00000e+00|      4.93762e-08|            0.00000e+00|    1.02400|   66.81700|  2.44397e-05|        0.00000e+00|      2.70755e-08|            0.00000e+00|
|GRB110328520|2011-03-28 12:29:19.000|08 06 38.4|+41 31 12|      0.1600|     29.0000|26.27300|  634.73999|   61.94500| 5.52116e+01|  102.45000|  737.19000|  3.11448e-06|        1.10028e-06|      3.70568e-09|            2.74400e-09|    2.56000|   86.53000|  9.97348e-06|        0.00000e+00|      1.10491e-08|            0.00000e+00|
|GRB140416060|2014-04-16 01:26:40.001|02 22 57.6|+42 06 00|      0.1000|      0.0000| 0.00000| 1032.56006|  297.17999| 3.45055e+01| 1174.81006| 2207.37012|  3.30565e-06|        0.00000e+00|      3.66216e-09|            0.00000e+00|    0.00000|    0.00000|  0.00000e+00|        0.00000e+00|      0.00000e+00|            0.00000e+00|
|GRB160821857|2016-08-21 20:34:30.003|11 25 09.6|+42 17 24|      0.1200|     31.0000|34.92300| 1367.06995|   41.03000| 5.15796e+02|   92.08000| 1459.15002|  4.24923e-05|        5.81927e-06|      1.72684e-08|            3.57301e-09|  118.53000|  161.53900|  1.73865e-04|        2.92644e-05|      3.66117e-08|            6.57507e-09|
|GRB111210359|2011-12-10 08:37:39.003|08 10 02.4|+44 05 24|      0.8200|      0.0000| 0.00000|  387.48999|   68.90500| 3.51177e+01|    6.54000|  394.03000|  5.78992e-06|        2.09724e-06|      2.28329e-09|            1.10831e-09|    0.00000|   60.00000|  2.63929e-05|        0.00000e+00|      2.92394e-08|            0.00000e+00|
|GRB160314929|2016-03-14 22:17:52.996|11 11 07.2|+45 42 36|      0.7900|      0.0000| 0.00000| 1152.00000|  156.77499| 2.84487e+01|  133.42000| 1285.42004|  2.34928e-06|        0.00000e+00|      2.60265e-09|            0.00000e+00|   -3.84000|   94.72200|  1.23548e-05|        0.00000e+00|      1.36872e-08|            0.00000e+00|
|GRB210410037|2021-04-10 00:53:15.996|17 57 52.8|+45 42 36|      0.7400|      8.7000| 6.20700|  276.62000|   33.16000| 2.86118e+02|    0.13000|  276.75000|  4.03604e-05|        7.14431e-06|      1.70467e-08|            4.53642e-09|    0.00000|   48.12800|  1.63491e-04|        3.05524e-05|      6.89702e-08|            2.33020e-08|
|GRB160917479|2016-09-17 11:30:19.002|19 42 40.3|+46 24 11|      0.0100|      7.1000| 0.44300|    0.00000| -666.00000| 0.00000e+00|    0.00000|    0.00000|  0.00000e+00|        0.00000e+00|      0.00000e+00|            0.00000e+00|   -0.25600|   19.20000|  3.41102e-05|        0.00000e+00|      3.77890e-08|            0.00000e+00|
|GRB131029973|2013-10-29 23:20:48.002|13 23 24.0|+48 01 48|      0.1800|      0.0000| 0.00000|  518.51001|   50.41500| 2.22827e+02|   38.68000|  557.19000|  2.14735e-05|        3.96233e-06|      1.12057e-08|            3.28275e-09|    1.02400|  105.47300|  1.30490e-04|        2.82369e-05|      5.47098e-08|            1.64753e-08|
|GRB190122305|2019-01-22 07:19:06.997|17 14 50.4|+48 07 12|      0.9100|     29.0000|12.91100|  805.90002|    3.47500| 2.35953e+01|   11.81000|  817.71002|  2.48762e-06|        1.00389e-06|      1.24194e-09|            7.96543e-10|    0.00000|   54.01600|  3.16842e-05|        0.00000e+00|      3.51014e-08|            0.00000e+00|
|GRB120226871|2012-02-26 20:54:17.001|20 11 52.8|+48 58 48|      0.6800|     12.0000|28.92600|  254.28000|   17.54000| 4.27222e+01|   29.37000|  283.64999|  1.00601e-05|        3.62411e-06|      3.31497e-09|            1.08687e-09|    4.35200|   57.34500|  3.73986e-05|        0.00000e+00|      4.14321e-08|            0.00000e+00|
|GRB170306588|2017-03-06 14:07:22.002|10 18 09.6|+51 33 00|      0.7100|      0.0000| 0.00000|   50.37000|    9.85000| 3.47260e+01|   21.16000|   47.43000|  4.15868e-05|        2.46564e-05|      1.48816e-08|            1.15418e-08|    4.60800|   23.55200|  7.27271e-05|        0.00000e+00|      8.05707e-08|            0.00000e+00|
|GRB130305486|2013-03-05 11:39:11.002|07 47 03.6|+52 01 30|      0.0600|     19.0000|16.78200|    0.00000| -666.00000| 0.00000e+00|    0.00000|    0.00000|  0.00000e+00|        0.00000e+00|      0.00000e+00|            0.00000e+00|    0.00000|    0.00000|  0.00000e+00|        0.00000e+00|      0.00000e+00|            0.00000e+00|
|GRB170921168|2017-09-21 04:02:11.003|08 15 43.2|+52 40 12|      0.2600|      0.0000| 0.00000|  156.89999|  156.89999| 2.83527e+01|  901.66998| 1058.56995|  6.87450e-06|        0.00000e+00|      7.61591e-09|            0.00000e+00|    0.00000|    0.00000|  0.00000e+00|        0.00000e+00|      0.00000e+00|            0.00000e+00|
|GRB150416773|2015-04-16 18:33:24.998|03 55 00.0|+52 57 36|      1.9300|      9.2000|22.35600|    0.00000| -666.00000| 0.00000e+00|    0.00000|    0.00000|  0.00000e+00|        0.00000e+00|      0.00000e+00|            0.00000e+00|    0.51200|   33.79200|  8.25514e-05|        0.00000e+00|      9.14545e-08|            0.00000e+00|
|GRB171102107|2017-11-02 02:33:35.001|12 30 52.8|+54 00 36|      0.8200|      0.0000| 0.00000|  366.07999|    9.84000| 3.84674e+01|   34.91000|  349.89001|  3.88520e-06|        1.76060e-06|      1.61404e-09|            8.93914e-10|    7.68000|   56.06500|  3.38222e-05|        0.00000e+00|      3.74699e-08|            0.00000e+00|
|GRB160101215|2016-01-01 05:10:12.003|00 05 26.4|+55 13 48|      1.3700|     13.0000| 4.76500|    0.00000| -666.00000| 7.54580e-02|    0.00000|    0.00000|  0.00000e+00|        0.00000e+00|      0.00000e+00|            0.00000e+00|    0.00300|   22.01600|  2.89267e-05|        0.00000e+00|      3.20465e-08|            0.00000e+00|
|GRB120915000|2012-09-15 00:00:40.997|16 03 48.0|+57 02 24|      1.7600|      0.0000| 0.00000|    0.59000|    0.34000| 3.07645e+01|    0.23000|    0.82000|  1.16510e-03|        0.00000e+00|      1.29075e-06|            0.00000e+00|   -0.32000|    0.25600|  5.44511e-04|        3.86995e-04|      1.66678e-07|            1.47646e-07|
|GRB110903111|2011-09-03 02:39:34.001|13 09 02.4|+58 51 00|      0.0700|      0.0000| 0.00000|  323.42999|   50.13000| 4.86763e+01|   46.69000|  370.12000|  3.80195e-06|        1.95302e-06|      2.28988e-08|            2.07966e-08|   -0.25600|  340.99799|  3.57448e-06|        1.98049e-06|      1.81374e-08|            1.74660e-08|
|GRB150202999|2015-02-02 23:59:07.996|05 45 04.8|+59 03 00|      0.3300|     20.0000|12.64800|   70.84000|   54.48500| 2.91214e+01|   44.86000|  115.70000|  1.66277e-05|        0.00000e+00|      1.84210e-08|            0.00000e+00|    1.53600|  168.96300|  9.84050e-06|        0.00000e+00|      1.09018e-08|            0.00000e+00|
|GRB210306162|2021-03-06 03:53:57.002|08 40 52.8|+60 13 12|      0.3700|      0.0000| 0.00000|  787.25000|  263.25500| 2.44976e+01|    6.23000|  793.47998|  2.02615e-06|        0.00000e+00|      2.24467e-09|            0.00000e+00|    0.12800|    9.66400|  8.34981e-05|        0.00000e+00|      9.25033e-08|            0.00000e+00|
|GRB220210998|2022-02-10 23:56:37.997|23 12 33.6|+61 03 36|      0.9900|     15.0000| 0.64900|    6.05000|    1.99500| 4.43373e+01|    0.30000|    6.35000|  1.87513e-04|        7.78670e-05|      3.98743e-08|            1.76720e-08|   -0.51200|   43.00800|  3.57046e-05|        1.34156e-05|      7.45548e-09|            2.90175e-09|
|GRB161109263|2016-11-09 06:18:44.997|10 31 24.0|+61 49 48|      0.3900|      0.0000| 0.00000|  467.54999|  162.50999| 4.67357e+01|  423.35001|  890.90002|  7.78254e-06|        2.72202e-06|      5.97908e-09|            3.89325e-09|    0.00000|    0.00000|  0.00000e+00|        0.00000e+00|      0.00000e+00|            0.00000e+00|
|GRB200412381|2020-04-12 09:08:39.998|18 23 10.3|+62 21 18|      0.9290|     18.0000| 5.77700|   12.60000|    0.21500| 5.68535e+01|    6.15000|   18.75000|  4.69562e-04|        2.05298e-04|      1.10161e-07|            5.58588e-08|    5.18400|   11.26400|  6.40776e-04|        3.42495e-04|      1.54344e-07|            9.71180e-08|
|GRB110428388|2011-04-28 09:18:29.998|00 21 40.8|+65 00 36|      0.1800|      0.0000| 0.00000|  386.20999|    0.27500| 6.34976e+01|    7.28000|  393.48999|  7.59302e-06|        2.22758e-06|      1.01400e-08|            6.29923e-09|    2.68800|    8.32000|  1.52868e-04|        0.00000e+00|      1.69354e-07|            0.00000e+00|
|GRB110529034|2011-05-29 00:48:41.996|07 53 19.2|+67 54 36|      1.5000|     15.0000| 0.09300|    0.00000| -666.00000| 1.01346e+01|    0.00000|    0.00000|  0.00000e+00|        0.00000e+00|      0.00000e+00|            0.00000e+00|   -0.12800|    0.38400|  1.42754e-03|        0.00000e+00|      1.58149e-06|            0.00000e+00|
|GRB200530031|2020-05-30 00:44:10.000|02 09 52.6|+69 18 14|      0.3120|      0.0000| 0.00000|   84.54000|    1.53000| 5.77460e+01|   17.02000|  101.56000|  3.43884e-05|        1.21884e-05|      2.16747e-08|            1.23559e-08|    3.07200|   25.60000|  8.48283e-05|        0.00000e+00|      9.39769e-08|            0.00000e+00|
|GRB151006413|2015-10-06 09:54:56.998|09 49 42.2|+70 30 14|      0.0010|     24.0000|16.13900|    0.00000|  516.21002| 6.88020e+00|   15.19911| 1047.61572|  2.26108e-06|        0.00000e+00|      2.50493e-09|            0.00000e+00|    1.53600|   94.97600|  9.23195e-06|        0.00000e+00|      1.02276e-08|            0.00000e+00|
|GRB130502327|2013-05-02 07:51:10.996|04 26 36.0|+70 49 48|      0.3200|      8.0000| 1.56300| 1304.20996|  163.34500| 4.07343e+02|   12.38000| 1316.58997|  1.52586e-05|        2.22803e-06|      1.58419e-08|            5.83091e-09|    7.16800|   31.48800|  2.63923e-04|        5.98497e-05|      2.03144e-07|            9.09244e-08|
|GRB170728961|2017-07-28 23:03:19.002|15 49 43.2|+70 51 00|      1.0100|      6.6000| 0.41000|  469.07001|    0.01000| 2.97324e+01|    0.21000|  469.28000|  5.83793e-06|        0.00000e+00|      6.46755e-09|            0.00000e+00|    0.00000|   46.33600|  2.02759e-05|        9.56470e-06|      1.34033e-08|            1.25702e-08|
|GRB081224887|2008-12-24 21:17:54.997|13 24 24.0|+72 40 12|      0.3300|      0.0000| 0.00000|  262.69000|   36.19000| 2.65333e+01|   76.51000|  339.20001|  6.27225e-06|        0.00000e+00|      6.94871e-09|            0.00000e+00|    0.73600|   17.18400|  3.13065e-05|        0.00000e+00|      3.46829e-08|            0.00000e+00|
|GRB100724029|2010-07-24 00:42:05.999|08 14 21.6|+75 51 36|      0.1000|     40.0000|99.80700|   44.54000|    5.97500| 6.54555e+01|    9.08000|   53.62000|  8.04907e-05|        2.79017e-05|      1.80804e-08|            6.95387e-09|    8.19200|  122.88200|  7.29738e-05|        2.82937e-05|      1.61951e-08|            6.47004e-09|
|GRB141113346|2014-11-13 08:17:43.002|12 09 16.8|+77 22 48|      0.7100|      0.0000| 0.00000|    3.38000|    0.14000| 6.02626e+01|    0.08000|    3.45000|  3.37918e-04|        1.72078e-04|      1.43111e-07|            1.12628e-07|   -0.06400|    0.38400|  2.37643e-03|        1.20461e-03|      2.27484e-06|            2.67668e-06|
|GRB160521385|2016-05-21 09:13:58.002|09 52 09.6|+79 01 12|      0.1300|      0.0000| 0.00000| 2109.20996|  258.51501| 5.87281e+01|   90.16000|11911.62988|  1.88974e-07|        8.71104e-08|      1.44416e-09|            1.05125e-09|    0.00000|    0.00000|  0.00000e+00|        0.00000e+00|      0.00000e+00|            0.00000e+00|
